
1629518879.9730740 0.8628765 0.1442743 7.0548153
1629518880.2286129 0.9263678 -0.0124539 13.8375118
1629518880.4779732 0.3620459 0.0381707 8.6836402
1629518880.6512151 0.3799402 -0.0056081 9.7834028
1629518880.8036504 0.3032814 0.0270499 9.7869183
1629518880.9568415 0.2437893 0.0225780 9.7673206
1629518881.1192029 0.1930598 0.0189928 9.7871463
1629518881.2710221 0.1540053 0.0162320 9.7678142
1629518881.4323728 0.1215516 0.0566374 9.7754390
1629518881.6569109 0.0988790 0.0124318 9.7609567
1629518881.8854272 0.0745306 0.0104810 9.8477632
1629518882.0576108 0.0592929 0.0093652 9.7941180
1629518882.2399452 0.0503868 0.0091474 9.8706468
1629518882.4021943 0.0402668 0.0085351 9.7466160
1629518882.6864016 0.0319978 0.0080549 9.7310056
1629518882.8715734 0.0258792 0.0076884 9.7408427
1629518883.0546956 0.0206605 0.0074011 9.8489834
1629518883.2373374 0.0165087 0.0070966 9.8115762
1629518883.4198356 0.0132247 0.0069409 9.8435556
1629518883.5829592 0.0105708 0.0068167 9.8007021
1629518883.7454205 0.0084457 0.0066341 9.7878235
1629518883.9103603 0.0067989 0.0066467 9.8257841
1629518884.0909126 0.0053842 0.0065817 9.7925958
1629518884.2651391 0.0042431 0.0065152 9.8236519
1629518884.4309061 0.0033788 0.0064293 9.8714712
1629518884.5983582 0.0027189 0.0064247 9.8417181
1629518884.7711442 0.0021761 0.0063950 9.8177908
1629518884.9392877 0.0016783 0.0065724 9.7979861
1629518885.1111953 0.0013551 0.0064937 9.8031849
1629518885.2834041 0.0010847 0.0064681 9.8046406
1629518885.4604089 0.0008700 0.0064187 9.8147366
1629518885.6190810 0.0007072 0.0064102 9.8659205
1629518885.7881258 0.0005725 0.0064033 9.7651210
1629518885.9391775 0.0004625 0.0063870 9.8561548
1629518886.0991833 0.0003787 0.0063822 9.8333679
1629518886.2513554 0.0003087 0.0063619 9.8461503
1629518886.4374585 0.0002533 0.0063864 9.8416588
1629518886.7054312 0.0002097 0.0063634 9.8142899
1629518886.9348645 0.0001737 0.0063300 9.8020784
1629518887.1990485 0.0001447 0.0063825 9.7936260
1629518887.4395728 0.0001218 0.0063953 9.8093979
1629518887.6805434 0.0001022 0.0063346 9.7700750
1629518887.9055185 0.0000875 0.0063366 9.7564984
1629518888.1331732 0.0000751 0.0063701 9.8116532
1629518888.3972006 0.0000650 0.0063731 9.8426190
1629518888.6438231 0.0000105 0.0063818 9.8085553
1629518888.8902361 0.0000574 0.0063214 9.8102031
1629518889.1297085 0.0000512 0.0063516 9.8083496
1629518889.4010375 0.0000458 0.0063575 9.8166635
1629518889.6159005 0.0000414 0.0063086 9.7996207
1629518889.8057098 0.0000376 0.0063343 9.7785587
1629518890.0015738 0.0000344 0.0063412 9.8283716
1629518890.1786551 0.0000317 0.0063659 9.8070438
1629518890.3671293 0.0000295 0.0063549 9.8574252
1629518890.5772538 0.0000272 0.0063220 9.8344781
1629518890.7844052 0.0000253 0.0063351 9.7918149
1629518890.9905317 0.0000239 0.0063309 9.8172614
1629518891.2204561 0.0000224 0.0063493 9.8036536
1629518891.4388020 0.0000210 0.0063618 9.7778414
1629518891.6635611 0.0000321 0.0063395 9.8151115
1629518891.8479397 0.0000167 0.0063636 9.8070188
1629518892.0044689 0.0000156 0.0063640 9.8182236
1629518892.1967695 0.0000145 0.0063549 9.8135921
1629518892.3583014 0.0000133 0.0063217 9.7437177
1629518892.6057847 0.0000123 0.0063701 9.8035417
1629518892.8107159 0.0000114 0.0063392 9.7863128
1629518892.9934599 0.0000104 0.0063429 9.7600389
1629518893.1669557 0.0000095 0.0063607 9.7897889
1629518893.3321624 0.0000085 0.0063591 9.8108009
1629518893.5014410 0.0000077 0.0063657 9.8080777
1629518893.6905406 0.0000068 0.0063375 9.7920327
1629518893.8614852 0.0000059 0.0063282 9.7832041
1629518894.0267935 0.0000050 0.0063572 9.7822229
1629518894.1825738 0.0000042 0.0063402 9.7814804
1629518894.3539169 0.0000034 0.0063081 9.8189824
1629518894.5091093 0.0000025 0.0063295 9.7888518
1629518894.6860168 0.0000017 0.0063563 9.8562875
1629518895.0027509 0.0000009 0.0063451 9.8274928
1629518895.2927818 0.0000001 0.0063793 9.8020088
1629518895.5792220 -0.0000007 0.0063728 9.8514961
1629518895.8767700 -0.0000015 0.0063515 9.8181932
1629518896.1719027 -0.0000022 0.0063306 9.7980072
1629518896.4529414 -0.0000030 0.0063472 9.8196192
1629518896.7364764 -0.0000037 0.0063317 9.8333757
1629518896.8961530 -0.0000045 0.0063055 9.7940732
1629518897.0437553 -0.0000053 0.0063093 9.7887607
1629518897.2027152 -0.0000060 0.0063475 9.8397295
1629518897.3604729 -0.0000067 0.0063682 9.7698753
1629518897.5221829 -0.0000074 0.0063321 9.8041414
1629518897.6746795 -0.0000081 0.0063397 9.7917205
1629518897.8412373 -0.0000088 0.0063666 9.8056619
1629518898.0028989 -0.0000095 0.0063526 9.8278136
1629518898.1811054 -0.0000102 0.0063263 9.8370318
1629518898.3351543 -0.0000108 0.0063266 9.8131828
1629518898.5036216 -0.0000114 0.0063662 9.7914409
1629518898.6709323 -0.0000120 0.0063717 9.8601332
1629518898.8409626 -0.0000127 0.0063504 9.7449500
1629518899.0011244 -0.0000133 0.0063492 9.7630025
1629518899.1654572 -0.0000140 0.0063218 9.7892011
1629518899.3275259 -0.0000145 0.0063818 9.8045187
1629518899.6061070 0.0001738 0.0063231 9.8327255
1629518899.7670319 -0.0000730 0.0063580 9.7834322
1629518899.9232700 0.0000830 0.0060885 9.8156243
1629518900.0808315 -0.0000350 0.0062785 9.8146363
1629518900.2514253 0.0002641 4.7882673 9.5157014
1629518900.4002414 -0.0002324 0.4365720 9.6156050
1629518900.5786097 0.0000583 -0.0809142 9.7840438
1629518900.7529049 0.0000374 0.1700212 9.8427994
1629518900.9218590 0.0001095 0.0509984 9.8224490
1629518901.0849602 0.0000565 -0.1510678 9.7978240
1629518901.2517247 0.0000734 -0.0540704 9.7974371
1629518901.4093876 0.0001020 -0.0339692 9.8023570
1629518901.5882726 0.0000434 -0.0255402 9.8351309
1629518901.7426467 0.0000347 -0.0189209 9.8327936
1629518901.9078007 0.0000225 -0.0137685 9.7917010
1629518902.0719635 0.0000283 -0.0096518 9.8166802
1629518902.2528238 0.0000122 -0.0064353 9.8374784
1629518902.4057894 0.0000033 -0.0038665 9.8230974
1629518902.5667586 -0.0000008 -0.0018334 9.7932597
1629518902.7399518 -0.0000020 -0.0002589 9.8086902
1629518902.9057891 -0.0000041 0.0010043 9.8153776
1629518903.0650423 -0.0000067 0.0020332 9.8056218
1629518903.2440474 -0.0000098 0.0028763 9.7915750
1629518903.3998239 -0.0000143 0.0035361 9.7656141
1629518903.5767903 -0.0000186 0.0040648 9.7787688
1629518903.7342939 -0.0000224 0.0044771 9.8156032
1629518903.9203289 -0.0000262 0.0048681 9.8099168
1629518904.2075956 -0.0000316 0.0051758 9.8078012
1629518904.5147173 -0.0000398 0.0053463 9.7876131
1629518904.7935109 -0.0000455 0.0055705 9.8244774
1629518904.9530804 -0.0000477 0.0056920 9.8137437
1629518905.1063132 -0.0000447 0.0056278 9.7934728
1629518905.2811947 -0.0000181 0.0058535 9.8166843
1629518905.4332950 -0.0000179 0.0059769 9.8392566
1629518905.5900633 -0.0000176 0.0060289 9.8563732
1629518905.7709470 -0.0000177 0.0061335 9.7911112
1629518905.9527326 -0.0000151 0.0061713 9.8089995
1629518906.1235523 -0.0000105 0.0061749 9.8498093
1629518906.2880180 -0.0000042 0.0061448 9.8369769
1629518906.4781730 0.0000030 0.0061499 9.7125570
1629518906.6422617 0.0000148 0.0060109 9.8820589
1629518906.8047199 -0.0000178 0.0062165 9.8166964
1629518906.9853714 -0.0000124 0.0062168 9.7984934
1629518907.1518049 -0.0000072 0.0062536 9.8486858
1629518907.3221562 -0.0000024 0.0062500 9.7842408
1629518907.5019228 0.0000034 0.0062951 9.7745224
1629518907.6723392 0.0000110 0.0062532 9.8570694
1629518907.8352053 0.0000129 0.0062560 9.8358642
1629518907.9966018 0.0000129 0.0062349 9.8468759
1629518908.1534953 0.0000129 0.0062385 9.8419234
1629518908.3256185 0.0000131 0.0062966 9.8017138
1629518908.4981885 0.0000140 0.0061878 9.7955338
1629518908.6731532 0.0000105 0.0061746 9.8076264
1629518908.8354213 0.0000065 0.0062212 9.8021966
1629518908.9993215 -0.0000000 0.0062306 9.8836824
1629518909.1546109 -0.0000067 0.0062136 9.8264511
1629518909.3190198 -0.0000130 0.0062793 9.8401793
1629518909.4855163 -0.0000186 0.0062180 9.7898796
1629518909.6571593 -0.0000241 0.0062891 9.7872323
1629518909.8372958 -0.0000343 0.0062937 9.8470902
1629518910.0224881 -0.0000419 0.0062973 9.8059532
1629518910.1901991 -0.0000463 0.0062908 9.8152144
1629518910.3719349 -0.0000435 0.0061025 9.8419843
1629518910.5513003 -0.0000181 0.0062457 9.8618199
1629518910.7274766 -0.0000183 0.0062843 9.8638719
1629518910.9053428 -0.0000181 0.0062257 9.7620885
1629518911.0759544 -0.0000179 0.0062645 9.7911057
1629518911.2391047 -0.0000167 0.0062963 9.8325380
1629518911.4032025 -0.0000123 0.0062915 9.8115110
1629518911.5675776 -0.0000068 0.0062652 9.7939281
1629518911.7429245 0.0000006 0.0062233 9.8056442
1629518911.9071357 0.0000077 0.0062689 9.8552908
1629518912.0831902 0.0000189 0.0060588 9.8294733
1629518912.2374475 -0.0000137 0.0062635 9.8509773
1629518912.3978467 -0.0000079 0.0062668 9.8334468
1629518912.5719087 -0.0000035 0.0063224 9.8188570
1629518912.7552230 0.0000021 0.0063114 9.8498099
1629518912.9372668 0.0000089 0.0062903 9.7779045
1629518913.1118309 0.0000139 0.0063040 9.8001237
1629518913.2838619 0.0000138 0.0062638 9.8301494
1629518913.4589517 0.0000137 0.0062236 9.8179042
1629518913.6173186 0.0000138 0.0062306 9.8390657
1629518913.7825115 0.0000146 0.0062103 9.7916146
1629518913.9416490 0.0000124 0.0062089 9.8353730
1629518914.1246412 -0.0677559 -3.8852266 9.7730939
1629518914.2975075 -0.0013062 -0.0424746 9.7901890
1629518914.4667573 -0.0000495 0.0014205 9.7490147
1629518914.6344726 -0.0000327 0.0023795 9.8003537
1629518914.8057239 -0.0000174 0.0031682 9.8037104
1629518914.9753590 -0.0000066 0.0037835 9.8022350
1629518915.1386993 0.0000009 0.0042792 9.7967022
1629518915.2907867 0.0000059 0.0046396 9.8489003
1629518915.4525261 0.0000090 0.0050283 9.8485896
1629518915.6192448 0.0000109 0.0052381 9.8215388
1629518915.7831869 0.0000117 0.0054442 9.8223071
1629518915.9423058 -0.0000361 0.0053420 9.7863396
1629518916.1219146 -0.0000687 0.0053378 9.7868144
1629518916.2898750 -0.0000384 0.0056234 9.7985740
1629518916.4714422 -0.0000178 0.0058373 9.8463014
1629518916.6349218 -0.0000044 0.0060075 9.8211826
1629518916.8129213 0.0000045 0.0060993 9.7858891
1629518916.9881237 0.0000102 0.0061559 9.8342988
1629518917.1713650 0.0000137 0.0061899 9.8265460
1629518917.3369169 0.0000157 0.0062196 9.8055670
1629518917.5165379 0.0000168 0.0062743 9.8063383
1629518917.6733515 0.0000170 0.0062977 9.7831811
1629518917.8567827 0.0000168 0.0063106 9.7972287
1629518918.0246589 0.0000161 0.0063258 9.8008165
1629518918.2025120 0.0000153 0.0063324 9.7852670
1629518918.3673174 0.0000143 0.0063335 9.8433731
1629518918.5370409 0.0000132 0.0063660 9.8404886
1629518918.7017007 0.0006826 0.0078263 9.8275231
1629518918.8748262 -0.0000142 0.0063293 9.7683291
1629518919.0399132 -0.0000154 0.0062876 9.7541391
1629518919.1988180 -0.0000162 0.0062955 9.7816156
1629518919.3530200 -0.0000168 0.0063228 9.8451360
1629518919.5194099 -0.0000173 0.0063047 9.8231459
1629518919.6725788 -0.0000180 0.0063150 9.8105411
1629518919.8325064 -0.0000185 0.0063331 9.7973463
1629518919.9874244 -0.0000191 0.0063506 9.8038542
1629518920.1555376 -0.0000196 0.0063434 9.8233478
1629518920.3093662 -0.0000201 0.0063408 9.8156904
1629518920.4701595 -0.0000204 0.0063498 9.7616795
1629518920.6227798 -0.0000211 0.0063261 9.8378483
1629518920.7862771 -0.0000215 0.0063148 9.7805284
1629518920.9396713 -0.0000218 0.0063380 9.8107359
1629518921.0985057 -0.0000224 0.0063517 9.7714370
1629518921.2684329 -0.0000228 0.0063224 9.8215354
1629518921.4382546 0.0000234 0.0064052 9.7750837
1629518921.6091979 -0.0000312 0.0063066 9.7701970
1629518921.7744803 -0.0000306 0.0063165 9.7998279
1629518921.9553359 -0.0000305 0.0063267 9.8067771
1629518922.1424737 -0.0000304 0.0063296 9.8232596
1629518922.3160584 -0.0000304 0.0063403 9.8103461
1629518922.4997509 -0.0000304 0.0063501 9.7956035
1629518922.6682951 -0.0000304 0.0063360 9.8069901
1629518922.8416684 -0.0000307 0.0063093 9.8347734
1629518923.0390389 -0.0000310 0.0063041 9.8596669
1629518923.2019761 -0.0000311 0.0063431 9.8073010
1629518923.3573225 -0.0000316 0.0062959 9.8374000
1629518923.5269732 -0.0000318 0.0063484 9.8480633
1629518923.6852555 -0.0000321 0.0063062 9.8102158
1629518923.8546455 -0.0000445 0.0064053 9.8315184
1629518924.0114081 -0.0000309 0.0063077 9.8347752
1629518924.1773796 -0.0000313 0.0063237 9.8124927
1629518924.3358011 -0.0000316 0.0063232 9.8746006
1629518924.5072908 -0.0000322 0.0063416 9.8167919
1629518924.6730714 -0.0000323 0.0063050 9.8184492
1629518924.8499525 -0.0000324 0.0063294 9.8300884
1629518925.0202889 -0.0000327 0.0063651 9.8183009
1629518925.1982443 -0.0000328 0.0063257 9.8201735
1629518925.3723476 -0.0000332 0.0063275 9.8649229
1629518925.5420635 -0.0000336 0.0063023 9.8369456
1629518925.7150867 -0.0000339 0.0063506 9.7993734
1629518925.8961904 -0.0000343 0.0063437 9.7735145
1629518926.0572383 -0.0000347 0.0063174 9.8184473
1629518926.2436769 -0.0000347 0.0063264 9.7685414
1629518926.4081089 -0.0000349 0.0063602 9.8722233
1629518926.5918772 -0.0000353 0.0063319 9.8227679
1629518926.7552242 -0.0000352 0.0063488 9.7731282
1629518926.9424365 -0.0000354 0.0063289 9.7902277
1629518927.1007276 -0.0000356 0.0063662 9.8215190
1629518927.2694290 -0.0000359 0.0063448 9.7832075
1629518927.4408109 -0.0000361 0.0063593 9.8302966
1629518927.6121817 -0.0002942 0.0065140 9.8521188
1629518927.7842569 -0.0000238 0.0063431 9.8295283
1629518927.9573388 0.0000593 4.7828037 9.5468195
1629518928.1205614 -0.0002514 0.4374018 9.5781309
1629518928.2881727 -0.0002152 -0.0807593 9.8411676
1629518928.4676082 -0.0001802 0.1726145 9.8742842
1629518928.6344597 -0.0001506 0.0507198 9.8273308
1629518928.8062034 -0.0002226 -0.1515192 9.7893932
1629518928.9668231 -0.0001806 -0.0536809 9.8070364
1629518929.1222904 -0.0000544 -0.0340968 9.8774501
1629518929.2937534 -0.0000678 -0.0255483 9.7767669
1629518929.4559503 -0.0000466 -0.0190843 9.7943360
1629518929.6394961 -0.0000304 -0.0138127 9.7687700
1629518929.8106544 -0.0000168 -0.0097201 9.8600199
1629518929.9884369 -0.0000230 -0.0064244 9.7873944
1629518930.1527748 -0.0000193 -0.0038337 9.7562525
1629518930.3180590 -0.0000169 -0.0018237 9.8284083
1629518930.4974260 -0.0000167 -0.0002067 9.8001316
1629518930.6682656 -0.0000046 0.0010806 9.7785988
1629518930.8342693 -0.0000052 0.0021065 9.7858810
1629518931.0028825 -0.0000014 0.0028898 9.8122654
1629518931.1595562 -0.0000021 0.0035358 9.8427820
1629518931.3437097 -0.0000064 0.0040356 9.8062147
1629518931.5084033 -0.0000102 0.0044598 9.8043843
1629518931.6869671 -0.0000150 0.0047871 9.8126052
1629518931.8491652 -0.0000184 0.0050749 9.8141245
1629518932.0119846 -0.0000299 0.0052876 9.7378417
1629518932.1825526 -0.0000405 0.0054994 9.8688232
1629518932.3757873 -0.0000614 0.0056628 9.7567025
1629518932.5563641 -0.0000824 0.0058601 9.8404190
1629518932.7418449 -0.0000217 0.0058330 9.8227036
1629518932.9244523 -0.0000106 0.0058787 9.7853818
1629518933.0891106 -0.0000108 0.0059490 9.8043237
1629518933.2531629 -0.0000157 0.0060315 9.7531144
1629518933.4266982 -0.0000294 0.0061021 9.8176530
1629518933.5840845 -0.0000155 0.0061343 9.8324669
1629518933.7541530 -0.0000024 0.0061708 9.7804591
1629518933.9302139 0.0000022 0.0061929 9.7961763
1629518934.1018147 -0.0000003 0.0062319 9.8660897
1629518934.2857966 0.0000090 0.0061915 9.8040374
1629518934.4548390 0.0000228 0.0062134 9.8104583
1629518934.6167989 0.0000364 0.0062044 9.8016748
1629518934.7792008 0.0000364 0.0061899 9.7755485
1629518934.9456275 0.0000353 0.0062229 9.8163516
1629518935.1059546 0.0000329 0.0062452 9.7905372
1629518935.2686429 0.0000246 0.0062490 9.8016452
1629518935.4330971 0.0000148 0.0062828 9.7543592
1629518935.5931239 0.0000085 0.0062961 9.8610787
1629518935.7524095 0.0000026 0.0063129 9.7923525
1629518935.9111638 -0.0000029 0.0062914 9.7822485
1629518936.0838258 -0.0000074 0.0062709 9.8252175
1629518936.2519195 -0.0000061 0.0062733 9.7908398
1629518936.4128354 -0.0000036 0.0062244 9.8625883
1629518936.5785899 -0.0000074 0.0062475 9.8503913
1629518936.7497511 -0.0000104 0.0062300 9.7676535
1629518936.9039195 -0.0000141 0.0062573 9.8174578
1629518937.0726309 -0.0000265 0.0062643 9.7899773
1629518937.2333078 -0.0000379 0.0063058 9.7733273
1629518937.4019222 -0.0000367 0.0062726 9.7655540
1629518937.5722468 -0.0000347 0.0062680 9.8351667
1629518937.7446463 -0.0000317 0.0062641 9.8355187
1629518937.9009638 -0.0000217 0.0062451 9.7931432
1629518938.0588105 -0.0000132 0.0061683 9.7618818
1629518938.2356594 -0.0000072 0.0062258 9.8039908
1629518938.4179807 -0.0000016 0.0062274 9.8019828
1629518938.5906219 0.0000033 0.0062082 9.8070025
1629518938.7773459 0.0000065 0.0062041 9.8230941
1629518938.9575169 0.0000003 0.0062766 9.7795305
1629518939.1324549 0.0000049 0.0062728 9.8576831
1629518939.2875655 0.0000090 0.0062520 9.8697528
1629518939.4496717 0.0000124 0.0062702 9.8123666
1629518939.6147234 0.0000187 0.0062191 9.7494100
1629518939.7874901 0.0000340 0.0062039 9.8000750
1629518939.9742663 0.0000394 0.0062395 9.8239886
1629518940.1582739 0.0000385 0.0062481 9.8275698
1629518940.3319745 0.0000363 0.0062689 9.8002959
1629518940.5004041 0.0000320 0.0062633 9.8157357
1629518940.6861935 0.0000188 0.0062980 9.8146792
1629518940.8584015 0.0000123 0.0062874 9.7757804
1629518941.0106633 0.0000060 0.0062661 9.7737995
1629518941.1704011 0.0000001 0.0063281 9.8278492
1629518941.3365448 -0.0000050 0.0062670 9.7898052
1629518941.5010130 -0.0000077 0.0062770 9.8346091
1629518941.6679323 -0.0000015 0.0062261 9.7981299
1629518941.8427174 -0.0000056 0.0062676 9.8008001
1629518942.0040572 -0.0000090 0.0062136 9.8248448
1629518942.1847312 -0.0000069 0.0062146 9.8565660
1629518942.3525791 -0.0000236 0.0062853 9.8117298
1629518942.5317392 -0.0000354 0.0062765 9.8328896
1629518942.7017500 -0.0000370 0.0062863 9.8148927
1629518942.8675208 -0.0000354 0.0062596 9.7544926
1629518943.0205517 -0.0000327 0.0062972 9.8043789
1629518943.1826260 -0.0000262 0.0061878 9.8415933
1629518943.3384593 -0.0000150 0.0062253 9.8184797
1629518943.5138814 -0.0000091 0.0061903 9.7927619
1629518943.6921620 -0.0000034 0.0061845 9.8320667
1629518943.8727126 0.0000018 0.0062465 9.8003938
1629518944.0447266 0.0000063 0.0062075 9.7651767
1629518944.2208762 0.0000022 0.0062414 9.8069131
1629518944.3873470 0.0000033 0.0062761 9.7817590
1629518944.5609679 0.0000077 0.0062920 9.8099231
1629518944.7275844 0.0000114 0.0062792 9.8022451
1629518944.8926840 0.0000144 0.0062571 9.7789581
1629518945.0558004 0.0000283 0.0062406 9.7389414
1629518945.2218010 0.0000397 0.0062100 9.7883775
1629518945.3767309 0.0000391 0.0062186 9.8528990
1629518945.5578799 0.0000007 -3.9525551 9.8282813
1629518945.7215378 0.0000508 0.0000320 9.8166575
1629518945.8859320 0.0002838 0.0015736 9.7696156
1629518946.0546777 0.0000030 0.0023901 9.8563225
1629518946.2328258 0.0000129 0.0031597 9.8297634
1629518946.3886018 0.0000192 0.0037785 9.8268817
1629518946.5737166 0.0000232 0.0042721 9.7546134
1629518946.7564242 0.0000422 0.0046712 9.7946607
1629518946.9350021 0.0000531 0.0049974 9.8753073
1629518947.0980418 0.0000473 0.0052623 9.8075737
1629518947.2590289 0.0000426 0.0054290 9.8153928
1629518947.4165101 0.0000382 0.0055984 9.7997826
1629518947.5853701 0.0000346 0.0057891 9.8307850
1629518947.7594035 0.0000314 0.0058838 9.7827551
1629518948.0607579 0.0000287 0.0059583 9.8065201
1629518948.3433146 0.0000264 0.0060119 9.8439762
1629518948.6389923 0.0000245 0.0061009 9.7985445
1629518948.9188020 0.0000229 0.0061438 9.8025331
1629518949.2043681 0.0000215 0.0061900 9.7910374
1629518949.4920173 0.0000203 0.0062235 9.7778123
1629518949.6678948 0.0000194 0.0062391 9.8530910
1629518949.8329349 0.0000186 0.0063023 9.7857308
1629518949.9756725 -0.0000893 0.0062985 9.8409580
1629518950.1341722 0.0000195 0.0063153 9.8026657
1629518950.2969484 0.0000195 0.0062781 9.7747559
1629518950.4534905 0.0000191 0.0063390 9.8205645
1629518950.6194184 0.0000190 0.0062951 9.8074487
1629518950.7745969 0.0000188 0.0063068 9.8403948
1629518950.9436383 0.0000186 0.0063189 9.7791396
1629518951.2085359 0.0000183 0.0062855 9.8073589
1629518951.3677325 0.0000180 0.0063186 9.8412259
1629518951.5313702 -0.0000632 0.0058117 9.8125193
1629518951.6944969 -0.0000458 0.0059894 9.8700470
1629518951.9719777 -0.0000196 0.0061308 9.7654926
1629518952.1370270 -0.0000021 0.0062376 9.7943894
1629518952.2889755 0.0000095 0.0063148 9.8637113
1629518952.4530966 0.0000171 0.0063251 9.8456306
1629518952.6106844 0.0000220 0.0063753 9.7619676
1629518952.7693284 0.0000253 0.0063408 9.7545202
1629518952.9322269 0.0000272 0.0063906 9.8031350
1629518953.0908260 0.0000281 0.0063603 9.7517456
1629518953.2426436 0.0000288 0.0063876 9.7477945
1629518953.4012644 0.0000289 0.0063798 9.8248184
1629518953.5640259 0.0000288 0.0063764 9.8244716
1629518953.7435632 0.0000282 0.0063617 9.7966344
1629518953.9256446 0.0000276 0.0063806 9.7584300
1629518954.1142077 0.0000271 0.0063883 9.7660057
1629518954.2932374 0.0000265 0.0063738 9.8063497
1629518954.4659011 0.0000259 0.0063636 9.8735115
1629518954.6174204 0.0000252 0.0063704 9.8576763
1629518954.7833560 0.0000244 0.0063734 9.8018970
1629518954.9594722 0.0000236 0.0063592 9.7965666
1629518955.1192267 0.0000230 0.0063214 9.8039897
1629518955.2767391 0.0000223 0.0063457 9.7631817
1629518955.4358072 0.0000216 0.0063611 9.8022670
1629518955.5997658 0.0000209 0.0064064 9.7337080
1629518955.7678828 0.0000202 0.0063679 9.7906681
1629518955.9392240 0.0000197 0.0063723 9.8484954
1629518956.1045327 0.0000190 0.0063278 9.8735401
1629518956.2576098 0.0000183 0.0063923 9.8464182
1629518956.4172843 0.0000177 0.0063169 9.8129096
1629518956.5774770 0.0000172 0.0063558 9.8461358
1629518956.7417257 0.0000164 0.0063612 9.8629646
1629518956.9032180 0.0000160 0.0063706 9.8163785
1629518957.0691664 0.0005973 0.0071114 9.7570255
1629518957.2240806 -0.0000043 0.0063269 9.8109371
1629518957.3819330 -0.0000044 0.0063357 9.8422861
1629518957.5363264 -0.0000043 0.0063285 9.8172433
1629518957.6998518 -0.0000044 0.0063264 9.8069139
1629518957.8712902 -0.0000045 0.0063031 9.8262596
1629518958.0579937 -0.0000046 0.0063064 9.8475453
1629518958.2398534 -0.0000047 0.0063324 9.8496445
1629518958.4073443 -0.0000049 0.0063396 9.8064147
1629518958.5731018 -0.0000051 0.0063285 9.8790457
1629518958.7365427 -0.0000054 0.0063208 9.7810325
1629518958.9012048 -0.0000057 0.0063232 9.8110058
1629518959.0727749 -0.0000059 0.0063389 9.8293588
1629518959.2276192 -0.0000062 0.0063402 9.8289098
1629518959.4006443 -0.0000187 0.0063648 9.8190487
1629518959.7114744 -0.0000050 0.0063153 9.7935058
1629518960.0082965 -0.0000053 0.0063261 9.8093289
1629518960.3060844 -0.0000056 0.0063262 9.7963923
1629518960.6048715 -0.0000058 0.0063536 9.8315430
1629518960.7670634 -0.0000061 0.0063500 9.7654599
1629518960.9293947 -0.0000064 0.0063145 9.8136088
1629518961.1057587 -0.0000068 0.0063253 9.7975285
1629518961.2750130 -0.0000071 0.0063010 9.7817738
1629518961.4414949 -0.0000075 0.0062980 9.8535642
1629518961.6223946 -0.0000078 0.0062990 9.7775749
1629518961.7911110 -0.0000082 0.0063474 9.7855274
1629518961.9721286 -0.0000085 0.0063001 9.7663267
1629518962.1532822 -0.0000089 0.0063294 9.7996167
1629518962.3199620 -0.0000093 0.0063084 9.7581741
1629518962.4910192 -0.0000096 0.0063737 9.8270498
1629518962.6722815 -0.0000100 0.0063138 9.8287180
1629518962.8380411 -0.0000104 0.0063395 9.7901552
1629518963.0161195 -0.0002692 0.0062915 9.8041195
1629518963.1962559 0.0000058 0.0063311 9.8274344
1629518963.3800645 0.0001147 4.7618724 9.5907561
1629518963.5491138 -0.0002002 0.4369041 9.6145348
1629518963.7298350 -0.0002349 -0.0808661 9.8427457
1629518963.9044542 -0.0001318 0.1721264 9.7933288
1629518964.0853100 -0.0001834 0.0505939 9.8617250
1629518964.2621117 -0.0002021 -0.1517455 9.8281666
1629518964.4353096 -0.0002076 -0.0536602 9.8034405
1629518964.6020727 -0.0001227 -0.0340071 9.7997211
1629518964.7728319 -0.0001337 -0.0256724 9.7943377
1629518964.9457853 -0.0001056 -0.0190341 9.7782916
1629518965.1201489 -0.0000834 -0.0137106 9.8333998
1629518965.2866273 -0.0000652 -0.0096219 9.8069939
1629518965.4565306 -0.0000469 -3.9429183 9.8080485
1629518965.6354778 -0.0000036 -0.0101820 9.7853644
1629518965.8187037 0.0006630 -0.0071878 9.8644571
1629518965.9876413 -0.0000680 -0.0041402 9.8091511
1629518966.1623476 -0.0001371 -0.0017895 9.7588497
1629518966.3404012 -0.0000723 -0.0002368 9.7905394
1629518966.5367465 -0.0000054 0.0009301 9.8030816
1629518966.7202184 0.0000034 0.0019959 9.8392870
1629518966.8875587 0.0000087 0.0028535 9.8278412
1629518967.0538869 0.0000116 0.0035362 9.8115341
1629518967.2377069 0.0000130 0.0040831 9.7809377
1629518967.4195154 0.0000376 0.0045410 9.7965535
1629518967.5999649 0.0000412 0.0048914 9.8512629
1629518967.7719626 0.0000335 0.0051925 9.8255809
1629518967.9422734 0.0000271 0.0054265 9.7962942
1629518968.1072578 0.0000215 0.0056244 9.8394777
1629518968.2946804 0.0000167 0.0057479 9.8019513
1629518968.4613185 0.0000127 0.0058592 9.8349797
1629518968.6438205 0.0000094 0.0059246 9.8236484
1629518968.8008733 0.0000067 0.0060022 9.8509190
1629518968.9688308 0.0000044 0.0060751 9.8645151
1629518969.1239705 0.0000025 0.0061174 9.7359299
1629518969.3119106 0.0000009 0.0061686 9.8120398
1629518969.5999465 -0.0000004 0.0062168 9.7749789
1629518969.8904953 -0.0000015 0.0062288 9.8602229
1629518970.1736426 -0.0000024 0.0062528 9.8080385
1629518970.4566252 -0.0001280 0.0062730 9.7592806
1629518970.6103220 -0.0000017 0.0063062 9.8105401
1629518970.7802987 -0.0000020 0.0062869 9.7551302
1629518971.0611775 -0.0000023 0.0063022 9.8110907
1629518971.2214170 -0.0000025 0.0063124 9.7698390
1629518971.3858857 -0.0000028 0.0063085 9.8076320
1629518971.5547407 -0.0000029 0.0063099 9.8147413
1629518971.8241420 -0.0000031 0.0063295 9.7440456
1629518971.9966128 -0.0000032 0.0063399 9.7659462
1629518972.1496778 0.0000889 0.0068872 9.7997255
1629518972.3208389 0.0000571 0.0066831 9.7956320
1629518972.4815407 0.0000308 0.0064931 9.8076184
1629518972.7583520 0.0000135 0.0064150 9.7958977
1629518972.9223084 0.0000020 0.0063641 9.7826409
1629518973.0865564 -0.0000056 0.0063404 9.8297212
1629518973.2520442 -0.0000106 0.0063274 9.8102848
1629518973.4066446 -0.0000139 0.0062957 9.8368831
1629518973.5732820 -0.0000159 0.0063236 9.8528425
1629518973.7417214 -0.0000172 0.0063209 9.8508574
1629518973.9094985 -0.0000179 0.0063099 9.8136556
1629518974.0720272 -0.0000181 0.0063206 9.7912665
1629518974.2336917 -0.0000181 0.0062920 9.7767095
1629518974.4326997 -0.0000179 0.0063204 9.8372437
1629518974.5928700 -0.0000177 0.0062971 9.8827624
1629518974.7557635 -0.0000173 0.0062833 9.7892224
1629518974.9089925 -0.0000170 0.0063157 9.7735294
1629518975.0744212 -0.0000165 0.0062895 9.8000056
1629518975.2269032 -0.0000161 0.0063385 9.8511218
1629518975.3930914 -0.0000157 0.0063198 9.7862775
1629518975.5549057 -0.0000153 0.0063254 9.8209098
1629518975.7200768 -0.0000149 0.0063201 9.8362745
1629518975.8821855 -0.0000145 0.0063151 9.8399240
1629518976.0418158 -0.0000141 0.0063237 9.8449815
1629518976.2014585 -0.0000138 0.0063346 9.7857710
1629518976.3557069 -0.0000135 0.0063491 9.7815358
1629518976.5204668 -0.0000131 0.0063167 9.8198946
1629518976.6890943 -0.0000128 0.0063344 9.7912841
1629518976.8429341 -0.0000126 0.0063348 9.8242654
1629518977.0101235 -0.0000123 0.0063323 9.7982007
1629518977.1706703 -0.0000119 0.0063209 9.8024942
1629518977.3358262 -0.0000116 0.0063627 9.8357769
1629518977.5035007 -0.0000114 0.0063721 9.8293892
1629518977.6770680 0.0000353 0.0064022 9.8249965
1629518977.8534603 -0.0000182 0.0063402 9.7613089
1629518978.0219648 -0.0000171 0.0062943 9.8191500
1629518978.1918626 -0.0000162 0.0063205 9.8593432
1629518978.3735261 -0.0000154 0.0063518 9.8391454
1629518978.5570147 -0.0000147 0.0063454 9.7824759
1629518978.7247045 -0.0000141 0.0063756 9.8461128
1629518978.8841288 -0.0000137 0.0063481 9.7981007
1629518979.0410674 -0.0000132 0.0063506 9.7940392
1629518979.2002513 -0.0000129 0.0063532 9.7947047
1629518979.3573074 -0.0000125 0.0063516 9.7833774
1629518979.5205114 -0.0000123 0.0063405 9.7845679
1629518979.6814821 -0.0000121 0.0063630 9.8261649
1629518979.8382280 -0.0000117 0.0063654 9.7833151
1629518980.0114703 -0.0000238 0.0063306 9.8176598
1629518980.1846189 -0.0000095 0.0063371 9.8149212
1629518980.3435838 -0.0000093 0.0063633 9.8165512
1629518980.5075700 -0.0000091 0.0063336 9.8150050
1629518980.6688421 -0.0000089 0.0063334 9.8683613
1629518980.8226178 -0.0000087 0.0063263 9.8227071
1629518980.9925094 -0.0000086 0.0063022 9.8552652
1629518981.1431792 -0.0000084 0.0063497 9.8118665
1629518981.3029239 -0.0000082 0.0063486 9.8064367
1629518981.4590418 -0.0000081 0.0063616 9.8206187
1629518981.6299381 -0.0000080 0.0063582 9.7936282
1629518981.7865746 -0.0000079 0.0063159 9.7720256
1629518981.9427648 -0.0000077 0.0062866 9.7748523
1629518982.1012585 -0.0000076 0.0063621 9.8690464
1629518982.2665589 -0.0002691 0.0062598 9.8101158
1629518982.4249713 0.0000088 0.0063161 9.7386718
1629518982.5917060 0.0001172 4.7685476 9.5470177
1629518982.7434251 -0.0001627 0.4357604 9.6744486
1629518982.9093015 -0.0000709 -0.0809167 9.8444837
1629518983.0768607 -0.0002416 0.1725285 9.8212231
1629518983.2523267 -0.0001746 0.0510260 9.7646797
1629518983.4222989 -0.0001772 -0.1525770 9.8599166
1629518983.6081591 -0.0001098 -0.0535094 9.7907891
1629518983.7753081 -0.0000476 -0.0337699 9.7775903
1629518983.9484513 -0.0000557 -0.0256651 9.8275696
1629518984.1245673 -0.0000311 -0.0189195 9.8104354
1629518984.3019843 -0.0000219 -0.0137998 9.8305699
1629518984.4683442 -0.0000318 -0.0096490 9.8225510
1629518984.6383419 -0.0000296 -0.0064290 9.7867154
1629518984.7996182 -0.0000307 -0.0038731 9.7825827
1629518984.9696021 -0.0000342 -0.0018276 9.8226573
1629518985.1183994 -0.0000510 -0.0001805 9.8181782
1629518985.3077714 -0.0000648 0.0011024 9.7336882
1629518985.5989387 -0.0000572 0.0021212 9.8014778
1629518985.7452042 -0.0000419 0.0029091 9.8272712
1629518985.9029329 -0.0000431 0.0035597 9.8212186
1629518986.0674222 -0.0000427 0.0040717 9.7922914
1629518986.2282515 -0.0000396 0.0044972 9.8347268
1629518986.5252290 -0.0000283 0.0048249 9.7686845
1629518986.6747794 0.0000106 0.0050208 9.8270480
1629518986.8350270 -0.0000188 0.0052951 9.7415697
1629518987.0031431 -0.0000534 0.0055604 9.7720840
1629518987.1709819 -0.0000182 0.0056521 9.8357808
1629518987.3446188 -0.0000079 0.0057384 9.8303729
1629518987.5259511 -0.0000188 0.0058646 9.8273489
1629518987.7038381 -0.0000222 0.0059678 9.8104190
1629518987.8879869 -0.0000174 0.0060308 9.7733167
1629518988.0619826 -0.0000134 0.0060761 9.8307242
1629518988.2245622 -0.0000171 0.0061675 9.8034354
1629518988.3824997 -0.0000005 0.0061867 9.7770185
1629518988.5416441 0.0000093 0.0061572 9.8217179
1629518988.7059028 0.0000129 0.0062029 9.8122425
1629518988.8704710 0.0000164 0.0062051 9.7952161
1629518989.0287130 0.0000195 0.0062203 9.8027758
1629518989.2051740 0.0000266 0.0061952 9.7703890
1629518989.5181413 0.0000357 0.0061701 9.7787304
1629518989.8107615 0.0000322 0.0061724 9.7655780
1629518990.0905204 0.0000259 0.0062182 9.8309033
1629518990.3728082 0.0000085 0.0062332 9.7643709
1629518990.5283952 -0.0000006 0.0062407 9.8120224
1629518990.6918273 -0.0000096 0.0062590 9.7736981
1629518990.8585391 -0.0000181 0.0062650 9.8247123
1629518991.0221798 -0.0000257 0.0062745 9.8523852
1629518991.1762810 -0.0000269 0.0062570 9.8301213
1629518991.3414872 -0.0000277 0.0062582 9.7913975
1629518991.6389785 -0.0000121 0.0062371 9.7657088
1629518991.8046639 -0.0000183 0.0062498 9.8218158
1629518991.9580324 -0.0000211 0.0062218 9.8283051
1629518992.1216447 -0.0000235 0.0062392 9.7928634
1629518992.2720213 -0.0000251 0.0062934 9.8521430
1629518992.4342437 -0.0000335 0.0062825 9.8286512
1629518992.5964570 -0.0000366 0.0062827 9.8105606
1629518992.7584026 -0.0000317 0.0063230 9.8179025
1629518993.0259328 -0.0000209 0.0063044 9.7667734
1629518993.1821740 -0.0000049 0.0062647 9.7865514
1629518993.3396437 0.0000072 0.0062276 9.8620799
1629518993.5026712 0.0000399 0.0061739 9.7948609
1629518993.6731405 0.0000285 0.0061780 9.8491146
1629518993.8528185 -0.0000056 0.0062571 9.8158485
1629518994.0343661 -0.0000079 0.0062842 9.7849904
1629518994.2051344 0.0000003 0.0062625 9.8136212
1629518994.3571274 0.0000142 0.0062880 9.8520134
1629518994.5224741 0.0000171 0.0062565 9.7876899
1629518994.6774547 0.0000201 0.0062552 9.7471799
1629518994.8526754 0.0000226 0.0062816 9.8346316
1629518995.0074368 0.0000248 0.0062535 9.8396487
1629518995.1755075 0.0000384 0.0062321 9.8150481
1629518995.3276668 0.0000363 0.0062391 9.7919457
1629518995.4956594 0.0000322 0.0062235 9.8525685
1629518995.6569207 0.0000150 0.0062283 9.8461060
1629518995.8443339 0.0000041 0.0062103 9.7752768
1629518996.0078917 -0.0000053 0.0062526 9.8330804
1629518996.1773069 -0.0000143 0.0062745 9.8030933
1629518996.3367696 -0.0000225 0.0062586 9.8009950
1629518996.5053108 -0.0000283 0.0062230 9.8018979
1629518996.6640654 -0.0000233 0.0062868 9.8458066
1629518996.9819226 -0.0000163 0.0062376 9.7865811
1629518997.2828183 -0.0000169 0.0062351 9.8222864
1629518997.4349387 -0.0000200 0.0062556 9.7929171
1629518997.6175156 -0.0000225 0.0062447 9.8086507
1629518997.7870216 -0.0000243 0.0062461 9.7831903
1629518997.9567184 -0.0000284 0.0062918 9.8335416
1629518998.1220508 -0.0000380 0.0063098 9.7857761
1629518998.2874653 -0.0000334 0.0062941 9.7855439
1629518998.4508972 -0.0000279 0.0062646 9.8281820
1629518998.6231854 -0.0000083 0.0062483 9.8181989
1629518998.7972512 0.0000014 0.0062289 9.8217484
1629518998.9738266 0.0000252 0.0062147 9.8188336
1629518999.1559045 0.0000382 0.0062349 9.8476219
1629518999.3242726 0.0000101 0.0062274 9.8198342
1629518999.5094705 -0.0000304 -3.9164390 9.8019562
1629518999.6778991 0.0000209 0.0000336 9.8340050
1629518999.8403184 -0.0002300 0.0014768 9.8429565
1629519000.0100286 0.0000314 0.0024476 9.8065746
1629519000.1884739 0.0000178 0.0032085 9.8163379
1629519000.3536057 0.0000713 0.0037013 9.8671688
1629519000.5299067 0.0000595 0.0042169 9.8221937
1629519000.6880305 0.0000426 0.0046389 9.8273219
1629519000.8593216 0.0000297 0.0049830 9.8264399
1629519001.0151782 0.0000197 0.0052321 9.8627446
1629519001.1729281 0.0000126 0.0054217 9.7757301
1629519001.3306370 0.0000070 0.0056240 9.7880530
1629519001.6472852 0.0000029 0.0057771 9.8157413
1629519001.9265769 -0.0000001 0.0058915 9.7607543
1629519002.2227304 -0.0000023 0.0059942 9.7918727
1629519002.5087912 -0.0000039 0.0060638 9.8196743
1629519002.6738949 -0.0000049 0.0061235 9.8040948
1629519002.8301804 -0.0006697 0.0069545 9.8161988
1629519003.0053067 0.0000096 0.0061812 9.8001540
1629519003.1583586 0.0000101 0.0061923 9.7729226
1629519003.3180861 0.0000103 0.0062199 9.8111255
1629519003.4688363 0.0000105 0.0062892 9.7635677
1629519003.6423211 0.0000106 0.0063022 9.7905705
1629519003.7916300 0.0000107 0.0062920 9.8408547
1629519003.9568689 0.0000107 0.0062954 9.8203949
1629519004.1089911 0.0000107 0.0062939 9.7881732
1629519004.2680395 0.0000107 0.0062902 9.8418749
1629519004.4212813 0.0000107 0.0062995 9.8153596
1629519004.6027818 0.0000107 0.0063272 9.7767772
1629519004.7772560 0.0000106 0.0063264 9.8031179
1629519004.9631109 0.0000105 0.0063475 9.8244830
1629519005.1389327 0.0000226 0.0063644 9.8099350
1629519005.3184419 0.0000085 0.0063587 9.8294234
1629519005.4973969 0.0000084 0.0063232 9.8353952
1629519005.6749921 0.0000083 0.0063192 9.7990229
1629519005.8352160 0.0000082 0.0063599 9.8161700
1629519006.0087700 0.0000081 0.0063321 9.8327873
1629519006.1722109 0.0000080 0.0063066 9.7763399
1629519006.3392386 0.0000079 0.0063421 9.7968491
1629519006.5007026 0.0000078 0.0063643 9.7828149
1629519006.6605010 0.0000077 0.0063262 9.8352433
1629519006.8305252 0.0000076 0.0063246 9.8349912
1629519007.0050690 0.0000076 0.0063387 9.8376783
1629519007.1677418 0.0000074 0.0063537 9.8367415
1629519007.3381832 0.0000073 0.0063415 9.8370823
1629519007.4998271 0.0000073 0.0063492 9.7656560
1629519007.6600969 0.0000072 0.0063066 9.7896237
1629519007.8283768 0.0000071 0.0063370 9.8119075
1629519008.0101871 0.0000071 0.0063442 9.7908998
1629519008.1758270 0.0000070 0.0063272 9.8456503
1629519008.3429470 0.0000070 0.0063469 9.8460373
1629519008.5040545 0.0000069 0.0063662 9.8128495
1629519008.6686852 0.0000069 0.0063240 9.8166332
1629519008.8237302 0.0000068 0.0063105 9.8338157
1629519009.0035577 0.0000067 0.0063422 9.8218947
1629519009.1718054 0.0000067 0.0063383 9.8488904
1629519009.3621347 0.0000067 0.0063139 9.8170905
1629519009.5370913 0.0000066 0.0063523 9.7768078
1629519009.7088308 0.0000066 0.0063542 9.7569674
1629519009.8855910 0.0000065 0.0063561 9.8364595
1629519010.0701165 0.0000065 0.0063132 9.8307324
1629519010.2375884 0.0000064 0.0063297 9.8351246
1629519010.4046834 0.0000064 0.0063175 9.8033958
1629519010.5861511 0.0000063 0.0063027 9.8073929
1629519010.7594934 0.0000063 0.0063544 9.8001857
1629519010.9222434 0.0000063 0.0063417 9.8426937
1629519011.0869431 0.0000062 0.0063647 9.7965802
1629519011.2548685 0.0000062 0.0063262 9.8575610
1629519011.4212017 0.0000061 0.0063478 9.8386039
1629519011.5902689 0.0000061 0.0063364 9.8049937
1629519011.7877319 0.0000061 0.0063483 9.7816154
1629519011.9534395 0.0000060 0.0063270 9.7942669
1629519012.1395819 0.0001302 0.0063973 9.7723504
1629519012.3010104 0.0000475 0.0063406 9.7989353
1629519012.4808779 0.0000032 0.0063216 9.8270454
1629519012.6394789 0.0000032 0.0063706 9.7502769
1629519012.8232005 0.0000032 0.0063362 9.8731994
1629519012.9834340 0.0000032 0.0063297 9.7935215
1629519013.1611948 0.0000032 0.0063667 9.8648976
1629519013.3235548 -0.0000074 0.0063421 9.8324278
1629519013.5019784 -0.0000192 0.0063634 9.7839587
1629519013.6656227 0.0001548 0.0055872 9.7743269
1629519013.8355308 0.0000728 0.0059615 9.8189410
1629519014.0044909 0.0000401 0.0061317 9.8475727
1629519014.1820979 0.0000196 0.0062699 9.8110050
1629519014.3515210 0.0000064 0.0063292 9.7637097
1629519014.5358691 -0.0000021 0.0063693 9.8557186
1629519014.7069952 -0.0000075 0.0063605 9.8406148
1629519014.8947835 -0.0000110 0.0064122 9.8214616
1629519015.1338556 -0.0000129 0.0063794 9.8001528
1629519015.3529706 -0.0000142 0.0063978 9.7881816
1629519015.5424156 -0.0000146 0.0063910 9.8021020
1629519015.7229366 -0.0000146 0.0063963 9.8044270
1629519015.8817248 -0.0000145 0.0063363 9.7482467
1629519016.0548165 -0.0000142 0.0064081 9.8582541
1629519016.2308857 -0.0000137 0.0063956 9.8260393
1629519016.4078882 -0.0000338 0.0064472 9.7865312
1629519016.6327548 -0.0000998 0.0065497 9.8047896
1629519016.8180721 -0.0001721 0.0067575 9.8066381
1629519016.9813361 -0.0002479 0.0068813 9.8405522
1629519017.1570559 -0.0001653 0.0067177 9.8488726
1629519017.3282335 0.0000174 0.0063030 9.8254127
1629519017.4950197 0.0000171 0.0063282 9.8667333
1629519017.6440394 0.0000167 0.0063199 9.8057000
1629519017.8061421 0.0000164 0.0063441 9.8281854
1629519017.9755986 0.0000161 0.0063102 9.8033479
1629519018.1997576 0.0000156 0.0063453 9.8520257
1629519018.3777897 0.0000154 0.0063335 9.8227516
1629519018.5705364 0.0000150 0.0063623 9.7748981
1629519018.7372963 0.0000147 0.0063466 9.8426795
1629519018.9074035 0.0000144 0.0063340 9.8637632
1629519019.0816002 0.0000142 0.0063759 9.8048634
1629519019.2571015 0.0000139 0.0063133 9.8603410
1629519019.4186227 0.0000136 0.0063243 9.8159660
1629519019.5873351 0.0000133 0.0063469 9.8351942
1629519019.7304986 -0.0000332 0.0064042 9.7990332
1629519019.9183095 0.0000202 0.0063041 9.8138930
1629519020.0872035 0.0000190 0.0063316 9.7722797
1629519020.2435777 0.0000180 0.0063124 9.7962656
1629519020.4095864 0.0000174 0.0063474 9.7724043
1629519020.6023602 0.0000167 0.0063225 9.7654721
1629519020.7671196 0.0000161 0.0063694 9.7654349
1629519020.9345527 0.0000156 0.0063329 9.8154370
1629519021.0998859 0.0000152 0.0063381 9.7612737
1629519021.2644899 0.0000149 0.0063287 9.8130413
1629519021.4410007 0.0000145 0.0063276 9.8538753
1629519021.6381230 0.0000143 0.0063745 9.8341248
1629519021.7833145 0.0000140 0.0063567 9.8117665
1629519021.9399495 0.0000138 0.0063402 9.7609009
1629519022.1017320 0.0000259 0.0063475 9.8364502
1629519022.2717693 0.0000116 0.0063397 9.8175765
1629519022.4312739 0.0000114 0.0063540 9.8147643
1629519022.5933018 0.0000112 0.0063102 9.7721651
1629519022.7365088 0.0000110 0.0063343 9.8168750
1629519022.8945928 0.0000109 0.0063500 9.8197366
1629519023.0375159 0.0000107 0.0063682 9.7745884
1629519023.1883850 0.0000105 0.0063271 9.7768503
1629519023.3321643 0.0000104 0.0063310 9.8427842
1629519023.5024745 0.0000103 0.0063489 9.7776261
1629519023.6746521 0.0000102 0.0063527 9.8130243
1629519023.8548994 0.0000101 0.0063614 9.7815327
1629519024.0048175 0.0000100 0.0063485 9.8313258
1629519024.1745689 0.0000099 0.0063408 9.8318940
1629519024.3275008 0.0000098 0.0063303 9.8336803
1629519024.5040326 0.0000097 0.0063830 9.8004408
1629519024.6454470 0.0000096 0.0063184 9.8192121
1629519024.8138876 0.0000096 0.0063207 9.9006133
1629519024.9665120 0.0000094 0.0063341 9.7844803
1629519025.1245601 0.0006202 4.7679024 9.5466049
1629519025.2967563 0.0000665 0.4334583 9.6841150
1629519025.4700065 0.0000413 -0.0821948 9.8434632
1629519025.6159301 0.0002916 0.1701470 9.8814307
1629519025.8067114 0.0001439 0.0493206 9.7946433
1629519025.9505265 0.0001181 -0.1523244 9.8313987
1629519026.1014440 0.0002793 -0.0549115 9.7899894
1629519026.2579646 0.0001628 -0.0350090 9.7953119
1629519026.4453433 -0.0658599 -3.9256230 9.7893894
1629519026.6353464 -0.0018128 -0.0689892 9.7881727
1629519026.8176210 -0.0002570 -0.0195224 9.8011422
1629519026.9870188 -0.0001826 -0.0142872 9.7865565
1629519027.1862552 -0.0001304 -0.0101396 9.8343851
1629519027.3703256 -0.0000664 -0.0068578 9.8386074
1629519027.5467436 0.0000177 -0.0042360 9.8222363
1629519027.7030563 0.0000207 -0.0021264 9.8202197
1629519027.8966243 0.0000211 -0.0004413 9.8267235
1629519028.0454788 0.0000819 0.0010242 9.7604577
1629519028.2389190 0.0000687 0.0020921 9.8213749
1629519028.4056754 0.0000523 0.0029330 9.7733415
1629519028.5740776 0.0000387 0.0036177 9.7761582
1629519028.7281427 0.0000278 0.0041418 9.8200218
1629519028.9150105 0.0000183 0.0045807 9.8546309
1629519029.0628500 0.0000106 0.0049597 9.7974000
1629519029.2181258 0.0000042 0.0052168 9.8389266
1629519029.3722289 -0.0000010 0.0054529 9.8902070
1629519029.5526969 -0.0000052 0.0056357 9.7855206
1629519029.7358956 -0.0000086 0.0057675 9.7884648
1629519029.8967013 0.0000354 0.0059486 9.8168026
1629519030.0566344 -0.0000205 0.0059540 9.7458676
1629519030.2290370 -0.0000212 0.0060510 9.8034930
1629519030.3802285 -0.0000217 0.0060995 9.8261849
1629519030.5763733 -0.0000219 0.0061368 9.8106415
1629519030.7393203 -0.0000220 0.0062044 9.7682123
1629519030.9031332 -0.0000219 0.0062337 9.8106296
1629519031.0665126 -0.0000216 0.0062422 9.7892004
1629519031.3046105 -0.0000213 0.0062454 9.8501580
1629519031.5063794 -0.0000209 0.0062618 9.8163644
1629519031.6761546 -0.0000203 0.0063112 9.7935675
1629519031.8403175 -0.0000198 0.0062810 9.7779555
1629519032.0042343 -0.0000191 0.0063297 9.8094961
1629519032.1806235 -0.0000183 0.0063290 9.8300051
1629519032.3847632 -0.0000300 0.0063400 9.7919908
1629519032.5428801 -0.0000152 0.0063262 9.7953335
1629519032.7059987 -0.0000144 0.0063321 9.7607750
1629519032.8549993 -0.0000135 0.0063507 9.7648626
1629519033.0278401 -0.0000127 0.0063440 9.8211187
1629519033.1745129 -0.0000119 0.0063616 9.8256420
1629519033.3297327 -0.0000110 0.0063421 9.8286136
1629519033.4952974 -0.0000102 0.0063554 9.7505973
1629519033.6792281 -0.0000093 0.0063179 9.8228819
1629519033.8281484 -0.0000085 0.0063367 9.7762447
1629519034.0010726 -0.0000077 0.0063361 9.8523305
1629519034.1550162 -0.0000069 0.0063634 9.7703176
1629519034.3207057 -0.0000061 0.0063289 9.8011437
1629519034.4830253 -0.0000052 0.0063357 9.8203199
1629519034.6402493 -0.0000044 0.0063383 9.7899639
1629519034.7886097 -0.0000036 0.0063181 9.7961726
1629519034.9506199 -0.0000028 0.0063357 9.7843796
1629519035.1079044 -0.0000020 0.0063630 9.8291305
1629519035.2745199 -0.0000012 0.0063508 9.8089590
1629519035.4201610 -0.0000004 0.0063452 9.8065005
1629519035.5928199 0.0000004 0.0063147 9.8577557
1629519035.7406101 0.0000012 0.0063569 9.7925568
1629519035.9148769 0.0000020 0.0063369 9.7836012
1629519036.2268224 0.0000027 0.0063432 9.7653841
1629519036.5113525 0.0000035 0.0063925 9.7926881
1629519036.6709449 0.0000043 0.0063440 9.7780181
1629519036.8394809 0.0000050 0.0062940 9.8503451
1629519037.0106058 0.0000057 0.0063392 9.8535293
1629519037.1730607 0.0000064 0.0063408 9.8331474
1629519037.3205881 0.0000072 0.0063560 9.7798229
1629519037.4934592 0.0000079 0.0063370 9.8346206
1629519037.6457767 0.0000086 0.0063471 9.8611607
1629519037.8105006 0.0000093 0.0063585 9.7701937
1629519037.9724553 0.0000099 0.0063235 9.8422565
1629519038.1416862 0.0000106 0.0063427 9.8195696
1629519038.2965426 0.0000112 0.0063218 9.8077204
1629519038.4724867 0.0000119 0.0063636 9.8051266
1629519038.6293311 0.0000126 0.0063074 9.8245388
1629519038.8005180 0.0000132 0.0063313 9.8231807
1629519038.9587471 0.0000138 0.0063406 9.7974127
1629519039.1251051 0.0000144 0.0063225 9.8111902
1629519039.2867687 -0.0000576 0.0063542 9.8499990
1629519039.4509022 -0.0000431 0.0063440 9.8296259
1629519039.6138382 0.0000192 0.0063250 9.8139312
1629519039.7964499 0.0000199 0.0063258 9.7728843
1629519039.9575205 0.0000206 0.0063273 9.8151832
1629519040.1306477 0.0000212 0.0063576 9.8004288
1629519040.3016288 0.0000218 0.0063625 9.8082855
1629519040.4960310 0.0000222 0.0063215 9.7931742
1629519040.6745634 0.0000320 0.0063315 9.8171098
1629519040.8515129 -0.0000654 0.0058516 9.8571880
1629519041.0082541 -0.0000559 0.0058914 9.8612089
1629519041.1728065 -0.0000208 0.0061065 9.7676664
1629519041.3205922 0.0000022 0.0062408 9.8411916
1629519041.5084536 0.0000172 0.0063155 9.8236935
1629519041.6681623 0.0000272 0.0063549 9.7610558
1629519041.8447340 0.0000339 0.0063621 9.7949963
1629519042.0065649 0.0000381 0.0063890 9.8349790
1629519042.1703038 0.0000407 0.0064036 9.8144367
1629519042.3159120 0.0000428 0.0063840 9.8564878
1629519042.4822762 0.0000439 0.0064069 9.8162996
1629519042.7767041 0.0000443 0.0064007 9.8211379
1629519043.0778840 0.0000448 0.0063660 9.8171252
1629519043.3711820 0.0000448 0.0063851 9.7766488
1629519043.6543155 0.0000450 0.0063523 9.8540057
1629519043.7924008 0.0000447 0.0063954 9.8196173
1629519043.9577682 0.0000444 0.0063819 9.8151321
1629519044.1125059 0.0000445 0.0063798 9.8005670
1629519044.4117205 0.0000439 0.0063504 9.7693218
1629519044.5578771 0.0000436 0.0063822 9.7914045
1629519044.7158270 0.0000436 0.0063448 9.7982754
1629519044.8623159 0.0000433 0.0063882 9.7922138
1629519045.0402770 0.0000426 0.0063516 9.8312837
1629519045.2117877 0.0000423 0.0063591 9.8183112
1629519045.3883822 0.0000423 0.0064028 9.8519893
1629519045.5550432 0.0000420 0.0063787 9.7839677
1629519045.7115254 0.0000416 0.0063397 9.7939493
1629519045.8584065 0.0000413 0.0063616 9.8034377
1629519046.0338509 0.0000411 0.0063696 9.7709448
1629519046.1921239 0.0000408 0.0063583 9.8123869
1629519046.3534310 0.0000405 0.0063629 9.8652398
1629519046.5078671 0.0000403 0.0063545 9.8262206
1629519046.6730127 0.0000399 0.0063633 9.8492962
1629519046.8327723 0.0000395 0.0063845 9.8379892
1629519047.0058939 0.0006467 0.0070860 9.7883115
1629519047.1536095 0.0000218 0.0063333 9.8354500
1629519047.3178637 0.0000214 0.0063191 9.8179601
1629519047.4677608 0.0000211 0.0063566 9.8208308
1629519047.6274934 0.0000208 0.0063300 9.7800105
1629519047.7753818 0.0000206 0.0063408 9.8149330
1629519047.9438117 0.0000202 0.0063578 9.7633480
1629519048.1085672 0.0000201 0.0063436 9.8374601
1629519048.2864540 0.0000198 0.0063216 9.8245770
1629519048.4464290 0.0000198 0.0063472 9.7939403
1629519048.6276894 0.0000195 0.0063290 9.7764087
1629519048.7831979 0.0000192 0.0063423 9.8185395
1629519048.9453032 0.0000191 0.0063058 9.8512989
1629519049.1430793 0.0000189 0.0063146 9.8181430
1629519049.3438692 0.0000063 0.0063408 9.8193610
1629519049.5597565 0.0000202 0.0063235 9.8219981
1629519049.7511353 0.0000199 0.0063445 9.8506881
1629519049.9358790 0.0000197 0.0062938 9.8008464
1629519050.0957313 0.0000194 0.0063162 9.8401706
1629519050.2411821 0.0000193 0.0063369 9.8179551
1629519050.4072888 0.0000188 0.0063248 9.8397456
1629519050.5515940 0.0000185 0.0063128 9.8488651
1629519050.7193129 0.0000183 0.0063060 9.8059083
1629519050.8771908 0.0000178 0.0063045 9.7800834
1629519051.0328770 0.0000174 0.0063370 9.7925256
1629519051.1755264 0.0000169 0.0063619 9.8415841
1629519051.3369617 0.0000166 0.0063351 9.8324718
1629519051.4844294 0.0000161 0.0063264 9.7388739
1629519051.6610038 -0.0002473 0.0060097 9.8164256
1629519051.8024976 0.0000379 0.0063516 9.8594677
1629519051.9714937 0.0001397 4.7511623 9.5345540
1629519052.1161542 -0.0001357 0.4348480 9.6616538
1629519052.2760284 -0.0001235 -0.0809341 9.8190622
1629519052.4177015 -0.0001390 0.1718646 9.7964560
1629519052.5806544 -0.0001504 0.0504187 9.7438706
1629519052.7251451 -0.0001815 -0.1522487 9.8140785
1629519052.8867836 0.0634128 -3.9396171 9.8102289