
1629518879.9730740 0.0000000 0.0000000 0.0000000 0.0000000 0.0000000 0.0000000 1.0000000
1629518880.2286129 0.0000000 0.0000000 0.0000000 0.0000000 0.0000000 0.0000000 1.0000000
1629518880.4779732 0.0000000 0.0000000 0.0000000 0.0000000 0.0000000 0.0000000 1.0000000
1629518880.6512151 0.0000000 0.0000000 0.0000000 0.0000000 0.0000000 0.0000000 1.0000000
1629518880.8036504 0.0024724 -0.0000159 0.0000000 0.0000000 0.0000000 -0.0143601 0.9998969
1629518880.9568415 0.0024724 -0.0000159 0.0000000 0.0000000 0.0000000 -0.0143601 0.9998969
1629518881.1192029 0.0024724 -0.0000159 0.0000000 0.0000000 0.0000000 -0.0320297 0.9994869
1629518881.2710221 0.0024724 -0.0000159 0.0000000 0.0000000 0.0000000 -0.0320297 0.9994869
1629518881.4323728 0.0024724 -0.0000159 0.0000000 0.0000000 0.0000000 -0.0474826 0.9988721
1629518881.6569109 0.0024724 -0.0000159 0.0000000 0.0000000 0.0000000 -0.0474826 0.9988721
1629518881.8854272 0.0024724 -0.0000159 0.0000000 0.0000000 0.0000000 -0.0629241 0.9980183
1629518882.0576108 0.0024724 -0.0000159 0.0000000 0.0000000 0.0000000 -0.0629241 0.9980183
1629518882.2399452 0.0024724 -0.0000159 0.0000000 0.0000000 0.0000000 -0.0783506 0.9969259
1629518882.4021943 0.0024724 -0.0000159 0.0000000 0.0000000 0.0000000 -0.0783506 0.9969259
1629518882.6864016 0.0024724 -0.0000159 0.0000000 0.0000000 0.0000000 -0.0959577 0.9953854
1629518882.8715734 0.0024724 -0.0000159 0.0000000 0.0000000 0.0000000 -0.0959577 0.9953854
1629518883.0546956 0.0024724 -0.0000159 0.0000000 0.0000000 0.0000000 -0.1113395 0.9937824
1629518883.2373374 0.0024724 -0.0000159 0.0000000 0.0000000 0.0000000 -0.1113395 0.9937824
1629518883.4198356 0.0024724 -0.0000159 0.0000000 0.0000000 0.0000000 -0.1266946 0.9919418
1629518883.5829592 0.0024724 -0.0000159 0.0000000 0.0000000 0.0000000 -0.1266946 0.9919418
1629518883.7454205 0.0024724 -0.0000159 0.0000000 0.0000000 0.0000000 -0.1420195 0.9898639
1629518883.9103603 0.0024724 -0.0000159 0.0000000 0.0000000 0.0000000 -0.1420195 0.9898639
1629518884.0909126 0.0024724 -0.0000159 0.0000000 0.0000000 0.0000000 -0.1594919 0.9871992
1629518884.2651391 0.0024724 -0.0000159 0.0000000 0.0000000 0.0000000 -0.1594919 0.9871992
1629518884.4309061 0.0024724 -0.0000159 0.0000000 0.0000000 0.0000000 -0.1747395 0.9846147
1629518884.5983582 0.0024724 -0.0000159 0.0000000 0.0000000 0.0000000 -0.1747395 0.9846147
1629518884.7711442 0.0024724 -0.0000159 0.0000000 0.0000000 0.0000000 -0.1899453 0.9817947
1629518884.9392877 0.0024724 -0.0000159 0.0000000 0.0000000 0.0000000 -0.1899453 0.9817947
1629518885.1111953 0.0024724 -0.0000159 0.0000000 0.0000000 0.0000000 -0.2051057 0.9787398
1629518885.2834041 0.0024724 -0.0000159 0.0000000 0.0000000 0.0000000 -0.2051057 0.9787398
1629518885.4604089 0.0024724 -0.0000159 0.0000000 0.0000000 0.0000000 -0.2223716 0.9749620
1629518885.6190810 0.0024724 -0.0000159 0.0000000 0.0000000 0.0000000 -0.2223716 0.9749620
1629518885.7881258 0.0024724 -0.0000159 0.0000000 0.0000000 0.0000000 -0.2374224 0.9714065
1629518885.9391775 0.0024724 -0.0000159 0.0000000 0.0000000 0.0000000 -0.2374224 0.9714065
1629518886.0991833 0.0024724 -0.0000159 0.0000000 0.0000000 0.0000000 -0.2524165 0.9676187
1629518886.2513554 0.0024724 -0.0000159 0.0000000 0.0000000 0.0000000 -0.2524165 0.9676187
1629518886.4374585 0.0024724 -0.0000159 0.0000000 0.0000000 0.0000000 -0.2673502 0.9635994
1629518886.7054312 0.0024724 -0.0000159 0.0000000 0.0000000 0.0000000 -0.2673502 0.9635994
1629518886.9348645 0.0024724 -0.0000159 0.0000000 0.0000000 0.0000000 -0.2843387 0.9587239
1629518887.1990485 0.0024724 -0.0000159 0.0000000 0.0000000 0.0000000 -0.2843387 0.9587239
1629518887.4395728 0.0024724 -0.0000159 0.0000000 0.0000000 0.0000000 -0.2991311 0.9542120
1629518887.6805434 0.0024724 -0.0000159 0.0000000 0.0000000 0.0000000 -0.2991311 0.9542120
1629518887.9055185 0.0024724 -0.0000159 0.0000000 0.0000000 0.0000000 -0.3138518 0.9494720
1629518888.1331732 0.0024724 -0.0000159 0.0000000 0.0000000 0.0000000 -0.3138518 0.9494720
1629518888.3972006 0.0024724 -0.0000159 0.0000000 0.0000000 0.0000000 -0.3284975 0.9445048
1629518888.6438231 0.0024724 -0.0000159 0.0000000 0.0000000 0.0000000 -0.3284975 0.9445048
1629518888.8902361 0.0024724 -0.0000159 0.0000000 0.0000000 0.0000000 -0.3451391 0.9385515
1629518889.1297085 0.0024724 -0.0000159 0.0000000 0.0000000 0.0000000 -0.3451391 0.9385515
1629518889.4010375 0.0024724 -0.0000159 0.0000000 0.0000000 0.0000000 -0.3596122 0.9331019
1629518889.6159005 0.0024724 -0.0000159 0.0000000 0.0000000 0.0000000 -0.3596122 0.9331019
1629518889.8057098 0.0024724 -0.0000159 0.0000000 0.0000000 0.0000000 -0.3739993 0.9274290
1629518890.0015738 0.0024724 -0.0000159 0.0000000 0.0000000 0.0000000 -0.3739993 0.9274290
1629518890.1786551 0.0024724 -0.0000159 0.0000000 0.0000000 0.0000000 -0.3903319 0.9206742
1629518890.3671293 0.0024724 -0.0000159 0.0000000 0.0000000 0.0000000 -0.3903319 0.9206742
1629518890.5772538 0.0024724 -0.0000159 0.0000000 0.0000000 0.0000000 -0.4045231 0.9145278
1629518890.7844052 0.0024724 -0.0000159 0.0000000 0.0000000 0.0000000 -0.4045231 0.9145278
1629518890.9905317 0.0024724 -0.0000159 0.0000000 0.0000000 0.0000000 -0.4186176 0.9081626
1629518891.2204561 0.0024724 -0.0000159 0.0000000 0.0000000 0.0000000 -0.4186176 0.9081626
1629518891.4388020 0.0024724 -0.0000159 0.0000000 0.0000000 0.0000000 -0.4326120 0.9015802
1629518891.6635611 0.0024724 -0.0000159 0.0000000 0.0000000 0.0000000 -0.4326120 0.9015802
1629518891.8479397 0.0024724 -0.0000159 0.0000000 0.0000000 0.0000000 -0.4484786 0.8937936
1629518892.0044689 0.0024724 -0.0000159 0.0000000 0.0000000 0.0000000 -0.4484786 0.8937936
1629518892.1967695 0.0024724 -0.0000159 0.0000000 0.0000000 0.0000000 -0.4622472 0.8867511
1629518892.3583014 0.0024724 -0.0000159 0.0000000 0.0000000 0.0000000 -0.4622472 0.8867511
1629518892.6057847 0.0024724 -0.0000159 0.0000000 0.0000000 0.0000000 -0.4759052 0.8794966
1629518892.8107159 0.0024724 -0.0000159 0.0000000 0.0000000 0.0000000 -0.4759052 0.8794966
1629518892.9934599 0.0024724 -0.0000159 0.0000000 0.0000000 0.0000000 -0.4894494 0.8720317
1629518893.1669557 0.0024724 -0.0000159 0.0000000 0.0000000 0.0000000 -0.4894494 0.8720317
1629518893.3321624 0.0024724 -0.0000159 0.0000000 0.0000000 0.0000000 -0.5047849 0.8632451
1629518893.5014410 0.0024724 -0.0000159 0.0000000 0.0000000 0.0000000 -0.5047849 0.8632451
1629518893.6905406 0.0024724 -0.0000159 0.0000000 0.0000000 0.0000000 -0.5180743 0.8553356
1629518893.8614852 0.0024724 -0.0000159 0.0000000 0.0000000 0.0000000 -0.5180743 0.8553356
1629518894.0267935 0.0024724 -0.0000159 0.0000000 0.0000000 0.0000000 -0.5312398 0.8472215
1629518894.1825738 0.0024724 -0.0000159 0.0000000 0.0000000 0.0000000 -0.5312398 0.8472215
1629518894.3539169 0.0024724 -0.0000159 0.0000000 0.0000000 0.0000000 -0.5442783 0.8389047
1629518894.5091093 0.0024724 -0.0000159 0.0000000 0.0000000 0.0000000 -0.5442783 0.8389047
1629518894.6860168 0.0024724 -0.0000159 0.0000000 0.0000000 0.0000000 -0.5590198 0.8291543
1629518895.0027509 0.0024724 -0.0000159 0.0000000 0.0000000 0.0000000 -0.5590198 0.8291543
1629518895.2927818 0.0024724 -0.0000159 0.0000000 0.0000000 0.0000000 -0.5717755 0.8204101
1629518895.5792220 0.0024724 -0.0000159 0.0000000 0.0000000 0.0000000 -0.5717755 0.8204101
1629518895.8767700 0.0024724 -0.0000159 0.0000000 0.0000000 0.0000000 -0.5843945 0.8114697
1629518896.1719027 0.0024724 -0.0000159 0.0000000 0.0000000 0.0000000 -0.5843945 0.8114697
1629518896.4529414 0.0024724 -0.0000159 0.0000000 0.0000000 0.0000000 -0.5968737 0.8023352
1629518896.7364764 0.0024724 -0.0000159 0.0000000 0.0000000 0.0000000 -0.5968737 0.8023352
1629518896.8961530 0.0024724 -0.0000159 0.0000000 0.0000000 0.0000000 -0.6109607 0.7916609
1629518897.0437553 0.0024724 -0.0000159 0.0000000 0.0000000 0.0000000 -0.6109607 0.7916609
1629518897.2027152 0.0024724 -0.0000159 0.0000000 0.0000000 0.0000000 -0.6231304 0.7821180
1629518897.3604729 0.0024724 -0.0000159 0.0000000 0.0000000 0.0000000 -0.6231304 0.7821180
1629518897.5221829 0.0024724 -0.0000159 0.0000000 0.0000000 0.0000000 -0.6351510 0.7723880
1629518897.6746795 0.0024724 -0.0000159 0.0000000 0.0000000 0.0000000 -0.6351510 0.7723880
1629518897.8412373 0.0024724 -0.0000159 0.0000000 0.0000000 0.0000000 -0.6470198 0.7624732
1629518898.0028989 0.0024724 -0.0000159 0.0000000 0.0000000 0.0000000 -0.6470198 0.7624732
1629518898.1811054 0.0024724 -0.0000159 0.0000000 0.0000000 0.0000000 -0.6603944 0.7509189
1629518898.3351543 0.0024724 -0.0000159 0.0000000 0.0000000 0.0000000 -0.6603944 0.7509189
1629518898.5036216 0.0024724 -0.0000159 0.0000000 0.0000000 0.0000000 -0.6719281 0.7406163
1629518898.6709323 0.0024724 -0.0000159 0.0000000 0.0000000 0.0000000 -0.6719281 0.7406163
1629518898.8409626 0.0024724 -0.0000159 0.0000000 0.0000000 0.0000000 -0.6833012 0.7301367
1629518899.0011244 0.0024724 -0.0000159 0.0000000 0.0000000 0.0000000 -0.6833012 0.7301367
1629518899.1654572 0.0024724 -0.0000159 0.0000000 0.0000000 0.0000000 -0.6960986 0.7179462
1629518899.3275259 0.0024724 -0.0000159 0.0000000 0.0000000 0.0000000 -0.6960986 0.7179462
1629518899.6061070 0.0024724 -0.0000159 0.0000000 0.0000000 0.0000000 -0.7071182 0.7070954
1629518899.7670319 0.0024724 -0.0000159 0.0000000 0.0000000 0.0000000 -0.7071182 0.7070954
1629518899.9232700 0.0024724 -0.0000159 0.0000000 0.0000000 0.0000000 -0.7179686 0.6960755
1629518900.0808315 0.0024724 -0.0000159 0.0000000 0.0000000 0.0000000 -0.7179686 0.6960755
1629518900.2514253 0.0024724 -0.0000159 0.0000000 0.0000000 0.0000000 -0.7179686 0.6960755
1629518900.4002414 0.0024724 -0.0000159 0.0000000 0.0000000 0.0000000 -0.7179686 0.6960755
1629518900.5786097 -0.0073249 -0.3163369 0.0000000 0.0000000 0.0000000 -0.7179686 0.6960755
1629518900.7529049 -0.0073249 -0.3163369 0.0000000 0.0000000 0.0000000 -0.7179686 0.6960755
1629518900.9218590 -0.0171222 -0.6326578 0.0000000 0.0000000 0.0000000 -0.7179686 0.6960755
1629518901.0849602 -0.0171222 -0.6326578 0.0000000 0.0000000 0.0000000 -0.7179686 0.6960755
1629518901.2517247 -0.0269195 -0.9489787 0.0000000 0.0000000 0.0000000 -0.7179686 0.6960755
1629518901.4093876 -0.0269195 -0.9489787 0.0000000 0.0000000 0.0000000 -0.7179686 0.6960755
1629518901.5882726 -0.0367167 -1.2652996 0.0000000 0.0000000 0.0000000 -0.7179686 0.6960755
1629518901.7426467 -0.0367167 -1.2652996 0.0000000 0.0000000 0.0000000 -0.7179686 0.6960755
1629518901.9078007 -0.0465140 -1.5816206 0.0000000 0.0000000 0.0000000 -0.7179686 0.6960755
1629518902.0719635 -0.0465140 -1.5816206 0.0000000 0.0000000 0.0000000 -0.7179686 0.6960755
1629518902.2528238 -0.0563781 -1.8954657 0.0000000 0.0000000 0.0000000 -0.7187371 0.6952820
1629518902.4057894 -0.0563781 -1.8954657 0.0000000 0.0000000 0.0000000 -0.7187371 0.6952820
1629518902.5667586 -0.0668742 -2.2117642 0.0000000 0.0000000 0.0000000 -0.7187371 0.6952820
1629518902.7399518 -0.0668742 -2.2117642 0.0000000 0.0000000 0.0000000 -0.7187371 0.6952820
1629518902.9057891 -0.0773703 -2.5280627 0.0000000 0.0000000 0.0000000 -0.7187371 0.6952820
1629518903.0650423 -0.0773703 -2.5280627 0.0000000 0.0000000 0.0000000 -0.7187371 0.6952820
1629518903.2440474 -0.0878664 -2.8443612 0.0000000 0.0000000 0.0000000 -0.7187371 0.6952820
1629518903.3998239 -0.0878664 -2.8443612 0.0000000 0.0000000 0.0000000 -0.7187371 0.6952820
1629518903.5767903 -0.0983625 -3.1606597 0.0000000 0.0000000 0.0000000 -0.7187371 0.6952820
1629518903.7342939 -0.0983625 -3.1606597 0.0000000 0.0000000 0.0000000 -0.7187371 0.6952820
1629518903.9203289 -0.1088586 -3.4769582 0.0000000 0.0000000 0.0000000 -0.7187371 0.6952820
1629518904.2075956 -0.1088586 -3.4769582 0.0000000 0.0000000 0.0000000 -0.7187371 0.6952820
1629518904.5147173 -0.1193547 -3.7932567 0.0000000 0.0000000 0.0000000 -0.7187371 0.6952820
1629518904.7935109 -0.1193547 -3.7932567 0.0000000 0.0000000 0.0000000 -0.7187371 0.6952820
1629518904.9530804 -0.1298508 -4.1095553 0.0000000 0.0000000 0.0000000 -0.7187371 0.6952820
1629518905.1063132 -0.1298508 -4.1095553 0.0000000 0.0000000 0.0000000 -0.7187371 0.6952820
1629518905.2811947 -0.1403469 -4.4258538 0.0000000 0.0000000 0.0000000 -0.7187371 0.6952820
1629518905.4332950 -0.1403469 -4.4258538 0.0000000 0.0000000 0.0000000 -0.7187371 0.6952820
1629518905.5900633 -0.1508430 -4.7421523 0.0000000 0.0000000 0.0000000 -0.7187371 0.6952820
1629518905.7709470 -0.1508430 -4.7421523 0.0000000 0.0000000 0.0000000 -0.7187371 0.6952820
1629518905.9527326 -0.1613391 -5.0584508 0.0000000 0.0000000 0.0000000 -0.7187371 0.6952820
1629518906.1235523 -0.1613391 -5.0584508 0.0000000 0.0000000 0.0000000 -0.7187371 0.6952820
1629518906.2880180 -0.1718352 -5.3747493 0.0000000 0.0000000 0.0000000 -0.7187371 0.6952820
1629518906.4781730 -0.1718352 -5.3747493 0.0000000 0.0000000 0.0000000 -0.7187371 0.6952820
1629518906.6422617 -0.1823314 -5.6910478 0.0000000 0.0000000 0.0000000 -0.7187371 0.6952820
1629518906.8047199 -0.1823314 -5.6910478 0.0000000 0.0000000 0.0000000 -0.7187371 0.6952820
1629518906.9853714 -0.1928275 -6.0073463 0.0000000 0.0000000 0.0000000 -0.7187371 0.6952820
1629518907.1518049 -0.1928275 -6.0073463 0.0000000 0.0000000 0.0000000 -0.7187371 0.6952820
1629518907.3221562 -0.2033236 -6.3236448 0.0000000 0.0000000 0.0000000 -0.7187371 0.6952820
1629518907.5019228 -0.2033236 -6.3236448 0.0000000 0.0000000 0.0000000 -0.7187371 0.6952820
1629518907.6723392 -0.2138197 -6.6399433 0.0000000 0.0000000 0.0000000 -0.7187371 0.6952820
1629518907.8352053 -0.2138197 -6.6399433 0.0000000 0.0000000 0.0000000 -0.7187371 0.6952820
1629518907.9966018 -0.2243158 -6.9562418 0.0000000 0.0000000 0.0000000 -0.7187371 0.6952820
1629518908.1534953 -0.2243158 -6.9562418 0.0000000 0.0000000 0.0000000 -0.7187371 0.6952820
1629518908.3256185 -0.2348119 -7.2725403 0.0000000 0.0000000 0.0000000 -0.7187371 0.6952820
1629518908.4981885 -0.2348119 -7.2725403 0.0000000 0.0000000 0.0000000 -0.7187371 0.6952820
1629518908.6731532 -0.2453080 -7.5888388 0.0000000 0.0000000 0.0000000 -0.7187371 0.6952820
1629518908.8354213 -0.2453080 -7.5888388 0.0000000 0.0000000 0.0000000 -0.7187371 0.6952820
1629518908.9993215 -0.2558041 -7.9051373 0.0000000 0.0000000 0.0000000 -0.7187371 0.6952820
1629518909.1546109 -0.2558041 -7.9051373 0.0000000 0.0000000 0.0000000 -0.7187371 0.6952820
1629518909.3190198 -0.2663002 -8.2214359 0.0000000 0.0000000 0.0000000 -0.7187371 0.6952820
1629518909.4855163 -0.2663002 -8.2214359 0.0000000 0.0000000 0.0000000 -0.7187371 0.6952820
1629518909.6571593 -0.2767963 -8.5377344 0.0000000 0.0000000 0.0000000 -0.7187371 0.6952820
1629518909.8372958 -0.2767963 -8.5377344 0.0000000 0.0000000 0.0000000 -0.7187371 0.6952820
1629518910.0224881 -0.2872924 -8.8540329 0.0000000 0.0000000 0.0000000 -0.7187371 0.6952820
1629518910.1901991 -0.2872924 -8.8540329 0.0000000 0.0000000 0.0000000 -0.7187371 0.6952820
1629518910.3719349 -0.2977885 -9.1703314 0.0000000 0.0000000 0.0000000 -0.7187371 0.6952820
1629518910.5513003 -0.2977885 -9.1703314 0.0000000 0.0000000 0.0000000 -0.7187371 0.6952820
1629518910.7274766 -0.3082846 -9.4866299 0.0000000 0.0000000 0.0000000 -0.7187371 0.6952820
1629518910.9053428 -0.3082846 -9.4866299 0.0000000 0.0000000 0.0000000 -0.7187371 0.6952820
1629518911.0759544 -0.3187808 -9.8029284 0.0000000 0.0000000 0.0000000 -0.7187371 0.6952820
1629518911.2391047 -0.3187808 -9.8029284 0.0000000 0.0000000 0.0000000 -0.7187371 0.6952820
1629518911.4032025 -0.3292769 -10.1192269 0.0000000 0.0000000 0.0000000 -0.7187371 0.6952820
1629518911.5675776 -0.3292769 -10.1192269 0.0000000 0.0000000 0.0000000 -0.7187371 0.6952820
1629518911.7429245 -0.3397730 -10.4355254 0.0000000 0.0000000 0.0000000 -0.7187371 0.6952820
1629518911.9071357 -0.3397730 -10.4355254 0.0000000 0.0000000 0.0000000 -0.7187371 0.6952820
1629518912.0831902 -0.3502691 -10.7518239 0.0000000 0.0000000 0.0000000 -0.7187371 0.6952820
1629518912.2374475 -0.3502691 -10.7518239 0.0000000 0.0000000 0.0000000 -0.7187371 0.6952820
1629518912.3978467 -0.3607652 -11.0681224 0.0000000 0.0000000 0.0000000 -0.7187371 0.6952820
1629518912.5719087 -0.3607652 -11.0681224 0.0000000 0.0000000 0.0000000 -0.7187371 0.6952820
1629518912.7552230 -0.3712613 -11.3844209 0.0000000 0.0000000 0.0000000 -0.7187371 0.6952820
1629518912.9372668 -0.3712613 -11.3844209 0.0000000 0.0000000 0.0000000 -0.7187371 0.6952820
1629518913.1118309 -0.3817574 -11.7007194 0.0000000 0.0000000 0.0000000 -0.7187371 0.6952820
1629518913.2838619 -0.3817574 -11.7007194 0.0000000 0.0000000 0.0000000 -0.7187371 0.6952820
1629518913.4589517 -0.3922535 -12.0170179 0.0000000 0.0000000 0.0000000 -0.7187371 0.6952820
1629518913.6173186 -0.3922535 -12.0170179 0.0000000 0.0000000 0.0000000 -0.7187371 0.6952820
1629518913.7825115 -0.4027496 -12.3333164 0.0000000 0.0000000 0.0000000 -0.7187371 0.6952820
1629518913.9416490 -0.4027496 -12.3333164 0.0000000 0.0000000 0.0000000 -0.7187371 0.6952820
1629518914.1246412 -0.4132457 -12.6496150 0.0000000 0.0000000 0.0000000 -0.7187371 0.6952820
1629518914.2975075 -0.4132457 -12.6496150 0.0000000 0.0000000 0.0000000 -0.7187371 0.6952820
1629518914.4667573 -0.4132457 -12.6496150 0.0000000 0.0000000 0.0000000 -0.7078988 0.7063139
1629518914.6344726 -0.4132457 -12.6496150 0.0000000 0.0000000 0.0000000 -0.7078988 0.7063139
1629518914.8057239 -0.4132457 -12.6496150 0.0000000 0.0000000 0.0000000 -0.6968913 0.7171768
1629518914.9753590 -0.4132457 -12.6496150 0.0000000 0.0000000 0.0000000 -0.6968913 0.7171768
1629518915.1386993 -0.4132457 -12.6496150 0.0000000 0.0000000 0.0000000 -0.6841073 0.7293814
1629518915.2907867 -0.4132457 -12.6496150 0.0000000 0.0000000 0.0000000 -0.6841073 0.7293814
1629518915.4525261 -0.4132457 -12.6496150 0.0000000 0.0000000 0.0000000 -0.6727459 0.7398736
1629518915.6192448 -0.4132457 -12.6496150 0.0000000 0.0000000 0.0000000 -0.6727459 0.7398736
1629518915.7831869 -0.4132457 -12.6496150 0.0000000 0.0000000 0.0000000 -0.6612235 0.7501889
1629518915.9423058 -0.4132457 -12.6496150 0.0000000 0.0000000 0.0000000 -0.6612235 0.7501889
1629518916.1219146 -0.4132457 -12.6496150 0.0000000 0.0000000 0.0000000 -0.6478617 0.7617580
1629518916.2898750 -0.4132457 -12.6496150 0.0000000 0.0000000 0.0000000 -0.6478617 0.7617580
1629518916.4714422 -0.4132457 -12.6496150 0.0000000 0.0000000 0.0000000 -0.6360039 0.7716859
1629518916.6349218 -0.4132457 -12.6496150 0.0000000 0.0000000 0.0000000 -0.6360039 0.7716859
1629518916.8129213 -0.4132457 -12.6496150 0.0000000 0.0000000 0.0000000 -0.6239940 0.7814292
1629518916.9881237 -0.4132457 -12.6496150 0.0000000 0.0000000 0.0000000 -0.6239940 0.7814292
1629518917.1713650 -0.4132457 -12.6496150 0.0000000 0.0000000 0.0000000 -0.6118348 0.7909856
1629518917.3369169 -0.4132457 -12.6496150 0.0000000 0.0000000 0.0000000 -0.6118348 0.7909856
1629518917.5165379 -0.4132457 -12.6496150 0.0000000 0.0000000 0.0000000 -0.5977597 0.8016754
1629518917.6733515 -0.4132457 -12.6496150 0.0000000 0.0000000 0.0000000 -0.5977597 0.8016754
1629518917.8567827 -0.4132457 -12.6496150 0.0000000 0.0000000 0.0000000 -0.5852905 0.8108236
1629518918.0246589 -0.4132457 -12.6496150 0.0000000 0.0000000 0.0000000 -0.5852905 0.8108236
1629518918.2025120 -0.4132457 -12.6496150 0.0000000 0.0000000 0.0000000 -0.5726815 0.8197780
1629518918.3673174 -0.4132457 -12.6496150 0.0000000 0.0000000 0.0000000 -0.5726815 0.8197780
1629518918.5370409 -0.4132457 -12.6496150 0.0000000 0.0000000 0.0000000 -0.5599354 0.8285363
1629518918.7017007 -0.4132457 -12.6496150 0.0000000 0.0000000 0.0000000 -0.5599354 0.8285363
1629518918.8748262 -0.4132457 -12.6496150 0.0000000 0.0000000 0.0000000 -0.5452047 0.8383030
1629518919.0399132 -0.4132457 -12.6496150 0.0000000 0.0000000 0.0000000 -0.5452047 0.8383030
1629518919.1988180 -0.4132457 -12.6496150 0.0000000 0.0000000 0.0000000 -0.5321754 0.8466341
1629518919.3530200 -0.4132457 -12.6496150 0.0000000 0.0000000 0.0000000 -0.5321754 0.8466341
1629518919.5194099 -0.4132457 -12.6496150 0.0000000 0.0000000 0.0000000 -0.5190189 0.8547628
1629518919.6725788 -0.4132457 -12.6496150 0.0000000 0.0000000 0.0000000 -0.5190189 0.8547628
1629518919.8325064 -0.4132457 -12.6496150 0.0000000 0.0000000 0.0000000 -0.5057382 0.8626870
1629518919.9874244 -0.4132457 -12.6496150 0.0000000 0.0000000 0.0000000 -0.5057382 0.8626870
1629518920.1555376 -0.4132457 -12.6496150 0.0000000 0.0000000 0.0000000 -0.4904124 0.8714905
1629518920.3093662 -0.4132457 -12.6496150 0.0000000 0.0000000 0.0000000 -0.4904124 0.8714905
1629518920.4701595 -0.4132457 -12.6496150 0.0000000 0.0000000 0.0000000 -0.4768764 0.8789703
1629518920.6227798 -0.4132457 -12.6496150 0.0000000 0.0000000 0.0000000 -0.4768764 0.8789703
1629518920.7862771 -0.4132457 -12.6496150 0.0000000 0.0000000 0.0000000 -0.4632265 0.8862399
1629518920.9396713 -0.4132457 -12.6496150 0.0000000 0.0000000 0.0000000 -0.4632265 0.8862399
1629518921.0985057 -0.4132457 -12.6496150 0.0000000 0.0000000 0.0000000 -0.4494657 0.8932976
1629518921.2684329 -0.4132457 -12.6496150 0.0000000 0.0000000 0.0000000 -0.4494657 0.8932976
1629518921.4382546 -0.4132457 -12.6496150 0.0000000 0.0000000 0.0000000 -0.4336076 0.9011018
1629518921.6091979 -0.4132457 -12.6496150 0.0000000 0.0000000 0.0000000 -0.4336076 0.9011018
1629518921.7744803 -0.4132457 -12.6496150 0.0000000 0.0000000 0.0000000 -0.4196206 0.9076996
1629518921.9553359 -0.4132457 -12.6496150 0.0000000 0.0000000 0.0000000 -0.4196206 0.9076996
1629518922.1424737 -0.4132457 -12.6496150 0.0000000 0.0000000 0.0000000 -0.4055331 0.9140803
1629518922.3160584 -0.4132457 -12.6496150 0.0000000 0.0000000 0.0000000 -0.4055331 0.9140803
1629518922.4997509 -0.4132457 -12.6496150 0.0000000 0.0000000 0.0000000 -0.3913487 0.9202425
1629518922.6682951 -0.4132457 -12.6496150 0.0000000 0.0000000 0.0000000 -0.3913487 0.9202425
1629518922.8416684 -0.4132457 -12.6496150 0.0000000 0.0000000 0.0000000 -0.3750235 0.9270153
1629518923.0390389 -0.4132457 -12.6496150 0.0000000 0.0000000 0.0000000 -0.3750235 0.9270153
1629518923.2019761 -0.4132457 -12.6496150 0.0000000 0.0000000 0.0000000 -0.3606427 0.9327040
1629518923.3573225 -0.4132457 -12.6496150 0.0000000 0.0000000 0.0000000 -0.3606427 0.9327040
1629518923.5269732 -0.4132457 -12.6496150 0.0000000 0.0000000 0.0000000 -0.3461757 0.9381697
1629518923.6852555 -0.4132457 -12.6496150 0.0000000 0.0000000 0.0000000 -0.3461757 0.9381697
1629518923.8546455 -0.4132457 -12.6496150 0.0000000 0.0000000 0.0000000 -0.3295407 0.9441414
1629518924.0114081 -0.4132457 -12.6496150 0.0000000 0.0000000 0.0000000 -0.3295407 0.9441414
1629518924.1773796 -0.4132457 -12.6496150 0.0000000 0.0000000 0.0000000 -0.3149005 0.9491247
1629518924.3358011 -0.4132457 -12.6496150 0.0000000 0.0000000 0.0000000 -0.3149005 0.9491247
1629518924.5072908 -0.4132457 -12.6496150 0.0000000 0.0000000 0.0000000 -0.3001850 0.9538810
1629518924.6730714 -0.4132457 -12.6496150 0.0000000 0.0000000 0.0000000 -0.3001850 0.9538810
1629518924.8499525 -0.4132457 -12.6496150 0.0000000 0.0000000 0.0000000 -0.2853976 0.9584092
1629518925.0202889 -0.4132457 -12.6496150 0.0000000 0.0000000 0.0000000 -0.2853976 0.9584092
1629518925.1982443 -0.4132457 -12.6496150 0.0000000 0.0000000 0.0000000 -0.2684144 0.9633035
1629518925.3723476 -0.4132457 -12.6496150 0.0000000 0.0000000 0.0000000 -0.2684144 0.9633035
1629518925.5420635 -0.4132457 -12.6496150 0.0000000 0.0000000 0.0000000 -0.2534852 0.9673393
1629518925.7150867 -0.4132457 -12.6496150 0.0000000 0.0000000 0.0000000 -0.2534852 0.9673393
1629518925.8961904 -0.4132457 -12.6496150 0.0000000 0.0000000 0.0000000 -0.2384953 0.9711436
1629518926.0572383 -0.4132457 -12.6496150 0.0000000 0.0000000 0.0000000 -0.2384953 0.9711436
1629518926.2436769 -0.4132457 -12.6496150 0.0000000 0.0000000 0.0000000 -0.2234484 0.9747158
1629518926.4081089 -0.4132457 -12.6496150 0.0000000 0.0000000 0.0000000 -0.2234484 0.9747158
1629518926.5918772 -0.4132457 -12.6496150 0.0000000 0.0000000 0.0000000 -0.2061867 0.9785127
1629518926.7552242 -0.4132457 -12.6496150 0.0000000 0.0000000 0.0000000 -0.2061867 0.9785127
1629518926.9424365 -0.4132457 -12.6496150 0.0000000 0.0000000 0.0000000 -0.1910297 0.9815843
1629518927.1007276 -0.4132457 -12.6496150 0.0000000 0.0000000 0.0000000 -0.1910297 0.9815843
1629518927.2694290 -0.4132457 -12.6496150 0.0000000 0.0000000 0.0000000 -0.1758270 0.9844211
1629518927.4408109 -0.4132457 -12.6496150 0.0000000 0.0000000 0.0000000 -0.1758270 0.9844211
1629518927.6121817 -0.4132457 -12.6496150 0.0000000 0.0000000 0.0000000 -0.1605823 0.9870225
1629518927.7842569 -0.4132457 -12.6496150 0.0000000 0.0000000 0.0000000 -0.1605823 0.9870225
1629518927.9573388 -0.4132457 -12.6496150 0.0000000 0.0000000 0.0000000 -0.1605823 0.9870225
1629518928.1205614 -0.4132457 -12.6496150 0.0000000 0.0000000 0.0000000 -0.1605823 0.9870225
1629518928.2881727 -0.1130947 -12.7499357 0.0000000 0.0000000 0.0000000 -0.1605823 0.9870225
1629518928.4676082 -0.1130947 -12.7499357 0.0000000 0.0000000 0.0000000 -0.1605823 0.9870225
1629518928.6344597 0.1870564 -12.8502565 0.0000000 0.0000000 0.0000000 -0.1605823 0.9870225
1629518928.8062034 0.1870564 -12.8502565 0.0000000 0.0000000 0.0000000 -0.1605823 0.9870225
1629518928.9668231 0.4872075 -12.9505772 0.0000000 0.0000000 0.0000000 -0.1605823 0.9870225
1629518929.1222904 0.4872075 -12.9505772 0.0000000 0.0000000 0.0000000 -0.1605823 0.9870225
1629518929.2937534 0.7873585 -13.0508980 0.0000000 0.0000000 0.0000000 -0.1605823 0.9870225
1629518929.4559503 0.7873585 -13.0508980 0.0000000 0.0000000 0.0000000 -0.1605823 0.9870225
1629518929.6394961 1.0875096 -13.1512187 0.0000000 0.0000000 0.0000000 -0.1605823 0.9870225
1629518929.8106544 1.0875096 -13.1512187 0.0000000 0.0000000 0.0000000 -0.1605823 0.9870225
1629518929.9884369 1.3876607 -13.2515395 0.0000000 0.0000000 0.0000000 -0.1605823 0.9870225
1629518930.1527748 1.3876607 -13.2515395 0.0000000 0.0000000 0.0000000 -0.1605823 0.9870225
1629518930.3180590 1.6878117 -13.3518602 0.0000000 0.0000000 0.0000000 -0.1605823 0.9870225
1629518930.4974260 1.6878117 -13.3518602 0.0000000 0.0000000 0.0000000 -0.1605823 0.9870225
1629518930.6682656 1.9879628 -13.4521810 0.0000000 0.0000000 0.0000000 -0.1605823 0.9870225
1629518930.8342693 1.9879628 -13.4521810 0.0000000 0.0000000 0.0000000 -0.1605823 0.9870225
1629518931.0028825 2.2881138 -13.5525017 0.0000000 0.0000000 0.0000000 -0.1605823 0.9870225
1629518931.1595562 2.2881138 -13.5525017 0.0000000 0.0000000 0.0000000 -0.1605823 0.9870225
1629518931.3437097 2.5882649 -13.6528225 0.0000000 0.0000000 0.0000000 -0.1605823 0.9870225
1629518931.5084033 2.5882649 -13.6528225 0.0000000 0.0000000 0.0000000 -0.1605823 0.9870225
1629518931.6869671 2.8884160 -13.7531432 0.0000000 0.0000000 0.0000000 -0.1605823 0.9870225
1629518931.8491652 2.8884160 -13.7531432 0.0000000 0.0000000 0.0000000 -0.1605823 0.9870225
1629518932.0119846 3.1885670 -13.8534640 0.0000000 0.0000000 0.0000000 -0.1605823 0.9870225
1629518932.1825526 3.1885670 -13.8534640 0.0000000 0.0000000 0.0000000 -0.1605823 0.9870225
1629518932.3757873 3.4887181 -13.9537848 0.0000000 0.0000000 0.0000000 -0.1605823 0.9870225
1629518932.5563641 3.4887181 -13.9537848 0.0000000 0.0000000 0.0000000 -0.1605823 0.9870225
1629518932.7418449 3.7888692 -14.0541055 0.0000000 0.0000000 0.0000000 -0.1605823 0.9870225
1629518932.9244523 3.7888692 -14.0541055 0.0000000 0.0000000 0.0000000 -0.1605823 0.9870225
1629518933.0891106 4.0890202 -14.1544263 0.0000000 0.0000000 0.0000000 -0.1605823 0.9870225
1629518933.2531629 4.0890202 -14.1544263 0.0000000 0.0000000 0.0000000 -0.1605823 0.9870225
1629518933.4266982 4.3891713 -14.2547470 0.0000000 0.0000000 0.0000000 -0.1605823 0.9870225
1629518933.5840845 4.3891713 -14.2547470 0.0000000 0.0000000 0.0000000 -0.1605823 0.9870225
1629518933.7541530 4.6893223 -14.3550678 0.0000000 0.0000000 0.0000000 -0.1605823 0.9870225
1629518933.9302139 4.6893223 -14.3550678 0.0000000 0.0000000 0.0000000 -0.1605823 0.9870225
1629518934.1018147 4.9894734 -14.4553885 0.0000000 0.0000000 0.0000000 -0.1605823 0.9870225
1629518934.2857966 4.9894734 -14.4553885 0.0000000 0.0000000 0.0000000 -0.1605823 0.9870225
1629518934.4548390 5.2896245 -14.5557093 0.0000000 0.0000000 0.0000000 -0.1605823 0.9870225
1629518934.6167989 5.2896245 -14.5557093 0.0000000 0.0000000 0.0000000 -0.1605823 0.9870225
1629518934.7792008 5.5897755 -14.6560300 0.0000000 0.0000000 0.0000000 -0.1605823 0.9870225
1629518934.9456275 5.5897755 -14.6560300 0.0000000 0.0000000 0.0000000 -0.1605823 0.9870225
1629518935.1059546 5.8899266 -14.7563508 0.0000000 0.0000000 0.0000000 -0.1605823 0.9870225
1629518935.2686429 5.8899266 -14.7563508 0.0000000 0.0000000 0.0000000 -0.1605823 0.9870225
1629518935.4330971 6.1900777 -14.8566715 0.0000000 0.0000000 0.0000000 -0.1605823 0.9870225
1629518935.5931239 6.1900777 -14.8566715 0.0000000 0.0000000 0.0000000 -0.1605823 0.9870225
1629518935.7524095 6.4902287 -14.9569923 0.0000000 0.0000000 0.0000000 -0.1605823 0.9870225
1629518935.9111638 6.4902287 -14.9569923 0.0000000 0.0000000 0.0000000 -0.1605823 0.9870225
1629518936.0838258 6.7903798 -15.0573130 0.0000000 0.0000000 0.0000000 -0.1605823 0.9870225
1629518936.2519195 6.7903798 -15.0573130 0.0000000 0.0000000 0.0000000 -0.1605823 0.9870225
1629518936.4128354 7.0905308 -15.1576338 0.0000000 0.0000000 0.0000000 -0.1605823 0.9870225
1629518936.5785899 7.0905308 -15.1576338 0.0000000 0.0000000 0.0000000 -0.1605823 0.9870225
1629518936.7497511 7.3906819 -15.2579546 0.0000000 0.0000000 0.0000000 -0.1605823 0.9870225
1629518936.9039195 7.3906819 -15.2579546 0.0000000 0.0000000 0.0000000 -0.1605823 0.9870225
1629518937.0726309 7.6908330 -15.3582753 0.0000000 0.0000000 0.0000000 -0.1605823 0.9870225
1629518937.2333078 7.6908330 -15.3582753 0.0000000 0.0000000 0.0000000 -0.1605823 0.9870225
1629518937.4019222 7.9909840 -15.4585961 0.0000000 0.0000000 0.0000000 -0.1605823 0.9870225
1629518937.5722468 7.9909840 -15.4585961 0.0000000 0.0000000 0.0000000 -0.1605823 0.9870225
1629518937.7446463 8.2911351 -15.5589168 0.0000000 0.0000000 0.0000000 -0.1605823 0.9870225
1629518937.9009638 8.2911351 -15.5589168 0.0000000 0.0000000 0.0000000 -0.1605823 0.9870225
1629518938.0588105 8.5912862 -15.6592376 0.0000000 0.0000000 0.0000000 -0.1605823 0.9870225
1629518938.2356594 8.5912862 -15.6592376 0.0000000 0.0000000 0.0000000 -0.1605823 0.9870225
1629518938.4179807 8.8914372 -15.7595583 0.0000000 0.0000000 0.0000000 -0.1605823 0.9870225
1629518938.5906219 8.8914372 -15.7595583 0.0000000 0.0000000 0.0000000 -0.1605823 0.9870225
1629518938.7773459 9.1915883 -15.8598791 0.0000000 0.0000000 0.0000000 -0.1605823 0.9870225
1629518938.9575169 9.1915883 -15.8598791 0.0000000 0.0000000 0.0000000 -0.1605823 0.9870225
1629518939.1324549 9.4917393 -15.9601998 0.0000000 0.0000000 0.0000000 -0.1605823 0.9870225
1629518939.2875655 9.4917393 -15.9601998 0.0000000 0.0000000 0.0000000 -0.1605823 0.9870225
1629518939.4496717 9.7918904 -16.0605206 0.0000000 0.0000000 0.0000000 -0.1605823 0.9870225
1629518939.6147234 9.7918904 -16.0605206 0.0000000 0.0000000 0.0000000 -0.1605823 0.9870225
1629518939.7874901 10.0920415 -16.1608413 0.0000000 0.0000000 0.0000000 -0.1605823 0.9870225
1629518939.9742663 10.0920415 -16.1608413 0.0000000 0.0000000 0.0000000 -0.1605823 0.9870225
1629518940.1582739 10.3921925 -16.2611621 0.0000000 0.0000000 0.0000000 -0.1605823 0.9870225
1629518940.3319745 10.3921925 -16.2611621 0.0000000 0.0000000 0.0000000 -0.1605823 0.9870225
1629518940.5004041 10.6923436 -16.3614828 0.0000000 0.0000000 0.0000000 -0.1605823 0.9870225
1629518940.6861935 10.6923436 -16.3614828 0.0000000 0.0000000 0.0000000 -0.1605823 0.9870225
1629518940.8584015 10.9924947 -16.4618036 0.0000000 0.0000000 0.0000000 -0.1605823 0.9870225
1629518941.0106633 10.9924947 -16.4618036 0.0000000 0.0000000 0.0000000 -0.1605823 0.9870225
1629518941.1704011 11.2926457 -16.5621244 0.0000000 0.0000000 0.0000000 -0.1605823 0.9870225
1629518941.3365448 11.2926457 -16.5621244 0.0000000 0.0000000 0.0000000 -0.1605823 0.9870225
1629518941.5010130 11.5927968 -16.6624451 0.0000000 0.0000000 0.0000000 -0.1605823 0.9870225
1629518941.6679323 11.5927968 -16.6624451 0.0000000 0.0000000 0.0000000 -0.1605823 0.9870225
1629518941.8427174 11.8929478 -16.7627659 0.0000000 0.0000000 0.0000000 -0.1605823 0.9870225
1629518942.0040572 11.8929478 -16.7627659 0.0000000 0.0000000 0.0000000 -0.1605823 0.9870225
1629518942.1847312 12.1930989 -16.8630866 0.0000000 0.0000000 0.0000000 -0.1605823 0.9870225
1629518942.3525791 12.1930989 -16.8630866 0.0000000 0.0000000 0.0000000 -0.1605823 0.9870225
1629518942.5317392 12.4932500 -16.9634074 0.0000000 0.0000000 0.0000000 -0.1605823 0.9870225
1629518942.7017500 12.4932500 -16.9634074 0.0000000 0.0000000 0.0000000 -0.1605823 0.9870225
1629518942.8675208 12.7934010 -17.0637281 0.0000000 0.0000000 0.0000000 -0.1605823 0.9870225
1629518943.0205517 12.7934010 -17.0637281 0.0000000 0.0000000 0.0000000 -0.1605823 0.9870225
1629518943.1826260 13.0935521 -17.1640489 0.0000000 0.0000000 0.0000000 -0.1605823 0.9870225
1629518943.3384593 13.0935521 -17.1640489 0.0000000 0.0000000 0.0000000 -0.1605823 0.9870225
1629518943.5138814 13.3937032 -17.2643696 0.0000000 0.0000000 0.0000000 -0.1605823 0.9870225
1629518943.6921620 13.3937032 -17.2643696 0.0000000 0.0000000 0.0000000 -0.1605823 0.9870225
1629518943.8727126 13.6938542 -17.3646904 0.0000000 0.0000000 0.0000000 -0.1605823 0.9870225
1629518944.0447266 13.6938542 -17.3646904 0.0000000 0.0000000 0.0000000 -0.1605823 0.9870225
1629518944.2208762 13.9940053 -17.4650111 0.0000000 0.0000000 0.0000000 -0.1605823 0.9870225
1629518944.3873470 13.9940053 -17.4650111 0.0000000 0.0000000 0.0000000 -0.1605823 0.9870225
1629518944.5609679 14.2941563 -17.5653319 0.0000000 0.0000000 0.0000000 -0.1605823 0.9870225
1629518944.7275844 14.2941563 -17.5653319 0.0000000 0.0000000 0.0000000 -0.1605823 0.9870225
1629518944.8926840 14.5943074 -17.6656526 0.0000000 0.0000000 0.0000000 -0.1605823 0.9870225
1629518945.0558004 14.5943074 -17.6656526 0.0000000 0.0000000 0.0000000 -0.1605823 0.9870225
1629518945.2218010 14.8944585 -17.7659734 0.0000000 0.0000000 0.0000000 -0.1605823 0.9870225
1629518945.3767309 14.8944585 -17.7659734 0.0000000 0.0000000 0.0000000 -0.1605823 0.9870225
1629518945.5578799 15.1946095 -17.8662942 0.0000000 0.0000000 0.0000000 -0.1605823 0.9870225
1629518945.7215378 15.1946095 -17.8662942 0.0000000 0.0000000 0.0000000 -0.1605823 0.9870225
1629518945.8859320 15.1946095 -17.8662942 0.0000000 0.0000000 0.0000000 -0.1605823 0.9870225
1629518946.0546777 15.1946095 -17.8662942 0.0000000 0.0000000 0.0000000 -0.1605823 0.9870225
1629518946.2328258 15.1946095 -17.8662942 0.0000000 0.0000000 0.0000000 -0.1431129 0.9897064
1629518946.3886018 15.1946095 -17.8662942 0.0000000 0.0000000 0.0000000 -0.1431129 0.9897064
1629518946.5737166 15.1946095 -17.8662942 0.0000000 0.0000000 0.0000000 -0.1277903 0.9918012
1629518946.7564242 15.1946095 -17.8662942 0.0000000 0.0000000 0.0000000 -0.1277903 0.9918012
1629518946.9350021 15.1946095 -17.8662942 0.0000000 0.0000000 0.0000000 -0.1124372 0.9936588
1629518947.0980418 15.1946095 -17.8662942 0.0000000 0.0000000 0.0000000 -0.1124372 0.9936588
1629518947.2590289 15.1946095 -17.8662942 0.0000000 0.0000000 0.0000000 -0.0970572 0.9952788
1629518947.4165101 15.1946095 -17.8662942 0.0000000 0.0000000 0.0000000 -0.0970572 0.9952788
1629518947.5853701 15.1946095 -17.8662942 0.0000000 0.0000000 0.0000000 -0.0794518 0.9968387
1629518947.7594035 15.1946095 -17.8662942 0.0000000 0.0000000 0.0000000 -0.0794518 0.9968387
1629518948.0607579 15.1946095 -17.8662942 0.0000000 0.0000000 0.0000000 -0.0640265 0.9979482
1629518948.3433146 15.1946095 -17.8662942 0.0000000 0.0000000 0.0000000 -0.0640265 0.9979482
1629518948.6389923 15.1946095 -17.8662942 0.0000000 0.0000000 0.0000000 -0.0485860 0.9988190
1629518948.9188020 15.1946095 -17.8662942 0.0000000 0.0000000 0.0000000 -0.0485860 0.9988190
1629518949.2043681 15.1946095 -17.8662942 0.0000000 0.0000000 0.0000000 -0.0331338 0.9994509
1629518949.4920173 15.1946095 -17.8662942 0.0000000 0.0000000 0.0000000 -0.0331338 0.9994509
1629518949.6678948 15.1946095 -17.8662942 0.0000000 0.0000000 0.0000000 -0.0154646 0.9998804
1629518949.8329349 15.1946095 -17.8662942 0.0000000 0.0000000 0.0000000 -0.0154646 0.9998804
1629518949.9756725 15.1946095 -17.8662942 0.0000000 0.0000000 0.0000000 -0.0000000 1.0000000
1629518950.1341722 15.1946095 -17.8662942 0.0000000 0.0000000 0.0000000 -0.0000000 1.0000000
1629518950.2969484 15.1946095 -17.8662942 0.0000000 0.0000000 0.0000000 0.0154646 0.9998804
1629518950.4534905 15.1946095 -17.8662942 0.0000000 0.0000000 0.0000000 0.0154646 0.9998804
1629518950.6194184 15.1946095 -17.8662942 0.0000000 0.0000000 0.0000000 0.0331338 0.9994509
1629518950.7745969 15.1946095 -17.8662942 0.0000000 0.0000000 0.0000000 0.0331338 0.9994509
1629518950.9436383 15.1946095 -17.8662942 0.0000000 0.0000000 0.0000000 0.0485860 0.9988190
1629518951.2085359 15.1946095 -17.8662942 0.0000000 0.0000000 0.0000000 0.0485860 0.9988190
1629518951.3677325 15.1946095 -17.8662942 0.0000000 0.0000000 0.0000000 0.0640265 0.9979482
1629518951.5313702 15.1946095 -17.8662942 0.0000000 0.0000000 0.0000000 0.0640265 0.9979482
1629518951.6944969 15.1946095 -17.8662942 0.0000000 0.0000000 0.0000000 0.0794518 0.9968387
1629518951.9719777 15.1946095 -17.8662942 0.0000000 0.0000000 0.0000000 0.0794518 0.9968387
1629518952.1370270 15.1946095 -17.8662942 0.0000000 0.0000000 0.0000000 0.0970572 0.9952788
1629518952.2889755 15.1946095 -17.8662942 0.0000000 0.0000000 0.0000000 0.0970572 0.9952788
1629518952.4530966 15.1946095 -17.8662942 0.0000000 0.0000000 0.0000000 0.1124372 0.9936588
1629518952.6106844 15.1946095 -17.8662942 0.0000000 0.0000000 0.0000000 0.1124372 0.9936588
1629518952.7693284 15.1946095 -17.8662942 0.0000000 0.0000000 0.0000000 0.1277903 0.9918012
1629518952.9322269 15.1946095 -17.8662942 0.0000000 0.0000000 0.0000000 0.1277903 0.9918012
1629518953.0908260 15.1946095 -17.8662942 0.0000000 0.0000000 0.0000000 0.1431129 0.9897064
1629518953.2426436 15.1946095 -17.8662942 0.0000000 0.0000000 0.0000000 0.1431129 0.9897064
1629518953.4012644 15.1946095 -17.8662942 0.0000000 0.0000000 0.0000000 0.1605823 0.9870225
1629518953.5640259 15.1946095 -17.8662942 0.0000000 0.0000000 0.0000000 0.1605823 0.9870225
1629518953.7435632 15.1946095 -17.8662942 0.0000000 0.0000000 0.0000000 0.1758270 0.9844211
1629518953.9256446 15.1946095 -17.8662942 0.0000000 0.0000000 0.0000000 0.1758270 0.9844211
1629518954.1142077 15.1946095 -17.8662942 0.0000000 0.0000000 0.0000000 0.1910297 0.9815843
1629518954.2932374 15.1946095 -17.8662942 0.0000000 0.0000000 0.0000000 0.1910297 0.9815843
1629518954.4659011 15.1946095 -17.8662942 0.0000000 0.0000000 0.0000000 0.2061867 0.9785127
1629518954.6174204 15.1946095 -17.8662942 0.0000000 0.0000000 0.0000000 0.2061867 0.9785127
1629518954.7833560 15.1946095 -17.8662942 0.0000000 0.0000000 0.0000000 0.2234484 0.9747158
1629518954.9594722 15.1946095 -17.8662942 0.0000000 0.0000000 0.0000000 0.2234484 0.9747158
1629518955.1192267 15.1946095 -17.8662942 0.0000000 0.0000000 0.0000000 0.2384953 0.9711436
1629518955.2767391 15.1946095 -17.8662942 0.0000000 0.0000000 0.0000000 0.2384953 0.9711436
1629518955.4358072 15.1946095 -17.8662942 0.0000000 0.0000000 0.0000000 0.2534852 0.9673393
1629518955.5997658 15.1946095 -17.8662942 0.0000000 0.0000000 0.0000000 0.2534852 0.9673393
1629518955.7678828 15.1946095 -17.8662942 0.0000000 0.0000000 0.0000000 0.2684144 0.9633035
1629518955.9392240 15.1946095 -17.8662942 0.0000000 0.0000000 0.0000000 0.2684144 0.9633035
1629518956.1045327 15.1946095 -17.8662942 0.0000000 0.0000000 0.0000000 0.2853976 0.9584092
1629518956.2576098 15.1946095 -17.8662942 0.0000000 0.0000000 0.0000000 0.2853976 0.9584092
1629518956.4172843 15.1946095 -17.8662942 0.0000000 0.0000000 0.0000000 0.3001850 0.9538810
1629518956.5774770 15.1946095 -17.8662942 0.0000000 0.0000000 0.0000000 0.3001850 0.9538810
1629518956.7417257 15.1946095 -17.8662942 0.0000000 0.0000000 0.0000000 0.3149005 0.9491247
1629518956.9032180 15.1946095 -17.8662942 0.0000000 0.0000000 0.0000000 0.3149005 0.9491247
1629518957.0691664 15.1946095 -17.8662942 0.0000000 0.0000000 0.0000000 0.3295407 0.9441414
1629518957.2240806 15.1946095 -17.8662942 0.0000000 0.0000000 0.0000000 0.3295407 0.9441414
1629518957.3819330 15.1946095 -17.8662942 0.0000000 0.0000000 0.0000000 0.3461757 0.9381697
1629518957.5363264 15.1946095 -17.8662942 0.0000000 0.0000000 0.0000000 0.3461757 0.9381697
1629518957.6998518 15.1946095 -17.8662942 0.0000000 0.0000000 0.0000000 0.3606427 0.9327040
1629518957.8712902 15.1946095 -17.8662942 0.0000000 0.0000000 0.0000000 0.3606427 0.9327040
1629518958.0579937 15.1946095 -17.8662942 0.0000000 0.0000000 0.0000000 0.3750235 0.9270153
1629518958.2398534 15.1946095 -17.8662942 0.0000000 0.0000000 0.0000000 0.3750235 0.9270153
1629518958.4073443 15.1946095 -17.8662942 0.0000000 0.0000000 0.0000000 0.3913487 0.9202425
1629518958.5731018 15.1946095 -17.8662942 0.0000000 0.0000000 0.0000000 0.3913487 0.9202425
1629518958.7365427 15.1946095 -17.8662942 0.0000000 0.0000000 0.0000000 0.4055331 0.9140803
1629518958.9012048 15.1946095 -17.8662942 0.0000000 0.0000000 0.0000000 0.4055331 0.9140803
1629518959.0727749 15.1946095 -17.8662942 0.0000000 0.0000000 0.0000000 0.4196206 0.9076996
1629518959.2276192 15.1946095 -17.8662942 0.0000000 0.0000000 0.0000000 0.4196206 0.9076996
1629518959.4006443 15.1946095 -17.8662942 0.0000000 0.0000000 0.0000000 0.4336076 0.9011018
1629518959.7114744 15.1946095 -17.8662942 0.0000000 0.0000000 0.0000000 0.4336076 0.9011018
1629518960.0082965 15.1946095 -17.8662942 0.0000000 0.0000000 0.0000000 0.4494657 0.8932976
1629518960.3060844 15.1946095 -17.8662942 0.0000000 0.0000000 0.0000000 0.4494657 0.8932976
1629518960.6048715 15.1946095 -17.8662942 0.0000000 0.0000000 0.0000000 0.4632265 0.8862399
1629518960.7670634 15.1946095 -17.8662942 0.0000000 0.0000000 0.0000000 0.4632265 0.8862399
1629518960.9293947 15.1946095 -17.8662942 0.0000000 0.0000000 0.0000000 0.4768764 0.8789703
1629518961.1057587 15.1946095 -17.8662942 0.0000000 0.0000000 0.0000000 0.4768764 0.8789703
1629518961.2750130 15.1946095 -17.8662942 0.0000000 0.0000000 0.0000000 0.4904124 0.8714905
1629518961.4414949 15.1946095 -17.8662942 0.0000000 0.0000000 0.0000000 0.4904124 0.8714905
1629518961.6223946 15.1946095 -17.8662942 0.0000000 0.0000000 0.0000000 0.5057382 0.8626870
1629518961.7911110 15.1946095 -17.8662942 0.0000000 0.0000000 0.0000000 0.5057382 0.8626870
1629518961.9721286 15.1946095 -17.8662942 0.0000000 0.0000000 0.0000000 0.5190189 0.8547628
1629518962.1532822 15.1946095 -17.8662942 0.0000000 0.0000000 0.0000000 0.5190189 0.8547628
1629518962.3199620 15.1946095 -17.8662942 0.0000000 0.0000000 0.0000000 0.5321754 0.8466341
1629518962.4910192 15.1946095 -17.8662942 0.0000000 0.0000000 0.0000000 0.5321754 0.8466341
1629518962.6722815 15.1946095 -17.8662942 0.0000000 0.0000000 0.0000000 0.5452047 0.8383030
1629518962.8380411 15.1946095 -17.8662942 0.0000000 0.0000000 0.0000000 0.5452047 0.8383030
1629518963.0161195 15.1946095 -17.8662942 0.0000000 0.0000000 0.0000000 0.5599354 0.8285363
1629518963.1962559 15.1946095 -17.8662942 0.0000000 0.0000000 0.0000000 0.5599354 0.8285363
1629518963.3800645 15.1946095 -17.8662942 0.0000000 0.0000000 0.0000000 0.5599354 0.8285363
1629518963.5491138 15.1946095 -17.8662942 0.0000000 0.0000000 0.0000000 0.5599354 0.8285363
1629518963.7298350 15.3126363 -17.5726539 0.0000000 0.0000000 0.0000000 0.5599354 0.8285363
1629518963.9044542 15.3126363 -17.5726539 0.0000000 0.0000000 0.0000000 0.5599354 0.8285363
1629518964.0853100 15.4306631 -17.2790137 0.0000000 0.0000000 0.0000000 0.5599354 0.8285363
1629518964.2621117 15.4306631 -17.2790137 0.0000000 0.0000000 0.0000000 0.5599354 0.8285363
1629518964.4353096 15.5486899 -16.9853734 0.0000000 0.0000000 0.0000000 0.5599354 0.8285363
1629518964.6020727 15.5486899 -16.9853734 0.0000000 0.0000000 0.0000000 0.5599354 0.8285363
1629518964.7728319 15.6667167 -16.6917332 0.0000000 0.0000000 0.0000000 0.5599354 0.8285363
1629518964.9457853 15.6667167 -16.6917332 0.0000000 0.0000000 0.0000000 0.5599354 0.8285363
1629518965.1201489 15.7847434 -16.3980929 0.0000000 0.0000000 0.0000000 0.5599354 0.8285363
1629518965.2866273 15.7847434 -16.3980929 0.0000000 0.0000000 0.0000000 0.5599354 0.8285363
1629518965.4565306 15.9027702 -16.1044527 0.0000000 0.0000000 0.0000000 0.5599354 0.8285363
1629518965.6354778 15.9027702 -16.1044527 0.0000000 0.0000000 0.0000000 0.5599354 0.8285363
1629518965.8187037 15.9027702 -16.1044527 0.0000000 0.0000000 0.0000000 0.5599354 0.8285363
1629518965.9876413 15.9027702 -16.1044527 0.0000000 0.0000000 0.0000000 0.5599354 0.8285363
1629518966.1623476 15.9027702 -16.1044527 0.0000000 0.0000000 0.0000000 0.5726815 0.8197780
1629518966.3404012 15.9027702 -16.1044527 0.0000000 0.0000000 0.0000000 0.5726815 0.8197780
1629518966.5367465 15.9027702 -16.1044527 0.0000000 0.0000000 0.0000000 0.5852905 0.8108236
1629518966.7202184 15.9027702 -16.1044527 0.0000000 0.0000000 0.0000000 0.5852905 0.8108236
1629518966.8875587 15.9027702 -16.1044527 0.0000000 0.0000000 0.0000000 0.5977597 0.8016754
1629518967.0538869 15.9027702 -16.1044527 0.0000000 0.0000000 0.0000000 0.5977597 0.8016754
1629518967.2377069 15.9027702 -16.1044527 0.0000000 0.0000000 0.0000000 0.6118348 0.7909856
1629518967.4195154 15.9027702 -16.1044527 0.0000000 0.0000000 0.0000000 0.6118348 0.7909856
1629518967.5999649 15.9027702 -16.1044527 0.0000000 0.0000000 0.0000000 0.6239940 0.7814292
1629518967.7719626 15.9027702 -16.1044527 0.0000000 0.0000000 0.0000000 0.6239940 0.7814292
1629518967.9422734 15.9027702 -16.1044527 0.0000000 0.0000000 0.0000000 0.6360039 0.7716859
1629518968.1072578 15.9027702 -16.1044527 0.0000000 0.0000000 0.0000000 0.6360039 0.7716859
1629518968.2946804 15.9027702 -16.1044527 0.0000000 0.0000000 0.0000000 0.6478617 0.7617580
1629518968.4613185 15.9027702 -16.1044527 0.0000000 0.0000000 0.0000000 0.6478617 0.7617580
1629518968.6438205 15.9027702 -16.1044527 0.0000000 0.0000000 0.0000000 0.6612235 0.7501889
1629518968.8008733 15.9027702 -16.1044527 0.0000000 0.0000000 0.0000000 0.6612235 0.7501889
1629518968.9688308 15.9027702 -16.1044527 0.0000000 0.0000000 0.0000000 0.6727459 0.7398736
1629518969.1239705 15.9027702 -16.1044527 0.0000000 0.0000000 0.0000000 0.6727459 0.7398736
1629518969.3119106 15.9027702 -16.1044527 0.0000000 0.0000000 0.0000000 0.6841073 0.7293814
1629518969.5999465 15.9027702 -16.1044527 0.0000000 0.0000000 0.0000000 0.6841073 0.7293814
1629518969.8904953 15.9027702 -16.1044527 0.0000000 0.0000000 0.0000000 0.6968913 0.7171768
1629518970.1736426 15.9027702 -16.1044527 0.0000000 0.0000000 0.0000000 0.6968913 0.7171768
1629518970.4566252 15.9027702 -16.1044527 0.0000000 0.0000000 0.0000000 0.7078988 0.7063139
1629518970.6103220 15.9027702 -16.1044527 0.0000000 0.0000000 0.0000000 0.7078988 0.7063139
1629518970.7802987 15.9027702 -16.1044527 0.0000000 0.0000000 0.0000000 0.7187371 0.6952820
1629518971.0611775 15.9027702 -16.1044527 0.0000000 0.0000000 0.0000000 0.7187371 0.6952820
1629518971.2214170 15.9027702 -16.1044527 0.0000000 0.0000000 0.0000000 0.7294034 0.6840838
1629518971.3858857 15.9027702 -16.1044527 0.0000000 0.0000000 0.0000000 0.7294034 0.6840838
1629518971.5547407 15.9027702 -16.1044527 0.0000000 0.0000000 0.0000000 0.7413797 0.6710857
1629518971.8241420 15.9027702 -16.1044527 0.0000000 0.0000000 0.0000000 0.7413797 0.6710857
1629518971.9966128 15.9027702 -16.1044527 0.0000000 0.0000000 0.0000000 0.7516692 0.6595403
1629518972.1496778 15.9027702 -16.1044527 0.0000000 0.0000000 0.0000000 0.7516692 0.6595403
1629518972.3208389 15.9027702 -16.1044527 0.0000000 0.0000000 0.0000000 0.7617789 0.6478372
1629518972.4815407 15.9027702 -16.1044527 0.0000000 0.0000000 0.0000000 0.7617789 0.6478372
1629518972.7583520 15.9027702 -16.1044527 0.0000000 0.0000000 0.0000000 0.7717063 0.6359790
1629518972.9223084 15.9027702 -16.1044527 0.0000000 0.0000000 0.0000000 0.7717063 0.6359790
1629518973.0865564 15.9027702 -16.1044527 0.0000000 0.0000000 0.0000000 0.7828259 0.6222408
1629518973.2520442 15.9027702 -16.1044527 0.0000000 0.0000000 0.0000000 0.7828259 0.6222408
1629518973.4066446 15.9027702 -16.1044527 0.0000000 0.0000000 0.0000000 0.7923550 0.6100603
1629518973.5732820 15.9027702 -16.1044527 0.0000000 0.0000000 0.0000000 0.7923550 0.6100603
1629518973.7417214 15.9027702 -16.1044527 0.0000000 0.0000000 0.0000000 0.8016946 0.5977339
1629518973.9094985 15.9027702 -16.1044527 0.0000000 0.0000000 0.0000000 0.8016946 0.5977339
1629518974.0720272 15.9027702 -16.1044527 0.0000000 0.0000000 0.0000000 0.8108425 0.5852645
1629518974.2336917 15.9027702 -16.1044527 0.0000000 0.0000000 0.0000000 0.8108425 0.5852645
1629518974.4326997 15.9027702 -16.1044527 0.0000000 0.0000000 0.0000000 0.8210596 0.5708425
1629518974.5928700 15.9027702 -16.1044527 0.0000000 0.0000000 0.0000000 0.8210596 0.5708425
1629518974.7557635 15.9027702 -16.1044527 0.0000000 0.0000000 0.0000000 0.8297893 0.5580768
1629518974.9089925 15.9027702 -16.1044527 0.0000000 0.0000000 0.0000000 0.8297893 0.5580768
1629518975.0744212 15.9027702 -16.1044527 0.0000000 0.0000000 0.0000000 0.8383205 0.5451777
1629518975.2269032 15.9027702 -16.1044527 0.0000000 0.0000000 0.0000000 0.8383205 0.5451777
1629518975.3930914 15.9027702 -16.1044527 0.0000000 0.0000000 0.0000000 0.8466512 0.5321482
1629518975.5549057 15.9027702 -16.1044527 0.0000000 0.0000000 0.0000000 0.8466512 0.5321482
1629518975.7200768 15.9027702 -16.1044527 0.0000000 0.0000000 0.0000000 0.8559240 0.5171016
1629518975.8821855 15.9027702 -16.1044527 0.0000000 0.0000000 0.0000000 0.8559240 0.5171016
1629518976.0418158 15.9027702 -16.1044527 0.0000000 0.0000000 0.0000000 0.8638184 0.5038032
1629518976.2014585 15.9027702 -16.1044527 0.0000000 0.0000000 0.0000000 0.8638184 0.5038032
1629518976.3557069 15.9027702 -16.1044527 0.0000000 0.0000000 0.0000000 0.8715063 0.4903843
1629518976.5204668 15.9027702 -16.1044527 0.0000000 0.0000000 0.0000000 0.8715063 0.4903843
1629518976.6890943 15.9027702 -16.1044527 0.0000000 0.0000000 0.0000000 0.8789857 0.4768482
1629518976.8429341 15.9027702 -16.1044527 0.0000000 0.0000000 0.0000000 0.8789857 0.4768482
1629518977.0101235 15.9027702 -16.1044527 0.0000000 0.0000000 0.0000000 0.8872760 0.4612388
1629518977.1706703 15.9027702 -16.1044527 0.0000000 0.0000000 0.0000000 0.8872760 0.4612388
1629518977.3358262 15.9027702 -16.1044527 0.0000000 0.0000000 0.0000000 0.8943028 0.4474622
1629518977.5035007 15.9027702 -16.1044527 0.0000000 0.0000000 0.0000000 0.8943028 0.4474622
1629518977.6770680 15.9027702 -16.1044527 0.0000000 0.0000000 0.0000000 0.9011157 0.4335787
1629518977.8534603 15.9027702 -16.1044527 0.0000000 0.0000000 0.0000000 0.9011157 0.4335787
1629518978.0219648 15.9027702 -16.1044527 0.0000000 0.0000000 0.0000000 0.9086379 0.4175849
1629518978.1918626 15.9027702 -16.1044527 0.0000000 0.0000000 0.0000000 0.9086379 0.4175849
1629518978.3735261 15.9027702 -16.1044527 0.0000000 0.0000000 0.0000000 0.9149870 0.4034832
1629518978.5570147 15.9027702 -16.1044527 0.0000000 0.0000000 0.0000000 0.9149870 0.4034832
1629518978.7247045 15.9027702 -16.1044527 0.0000000 0.0000000 0.0000000 0.9211174 0.3892850
1629518978.8841288 15.9027702 -16.1044527 0.0000000 0.0000000 0.0000000 0.9211174 0.3892850
1629518979.0410674 15.9027702 -16.1044527 0.0000000 0.0000000 0.0000000 0.9270274 0.3749937
1629518979.2002513 15.9027702 -16.1044527 0.0000000 0.0000000 0.0000000 0.9270274 0.3749937
1629518979.3573074 15.9027702 -16.1044527 0.0000000 0.0000000 0.0000000 0.9335101 0.3585512
1629518979.5205114 15.9027702 -16.1044527 0.0000000 0.0000000 0.0000000 0.9335101 0.3585512
1629518979.6814821 15.9027702 -16.1044527 0.0000000 0.0000000 0.0000000 0.9389433 0.3440719
1629518979.8382280 15.9027702 -16.1044527 0.0000000 0.0000000 0.0000000 0.9389433 0.3440719
1629518980.0114703 15.9027702 -16.1044527 0.0000000 0.0000000 0.0000000 0.9441520 0.3295103
1629518980.1846189 15.9027702 -16.1044527 0.0000000 0.0000000 0.0000000 0.9441520 0.3295103
1629518980.3435838 15.9027702 -16.1044527 0.0000000 0.0000000 0.0000000 0.9491348 0.3148700
1629518980.5075700 15.9027702 -16.1044527 0.0000000 0.0000000 0.0000000 0.9491348 0.3148700
1629518980.6688421 15.9027702 -16.1044527 0.0000000 0.0000000 0.0000000 0.9545515 0.2980461
1629518980.8226178 15.9027702 -16.1044527 0.0000000 0.0000000 0.0000000 0.9545515 0.2980461
1629518980.9925094 15.9027702 -16.1044527 0.0000000 0.0000000 0.0000000 0.9590465 0.2832486
1629518981.1431792 15.9027702 -16.1044527 0.0000000 0.0000000 0.0000000 0.9590465 0.2832486
1629518981.3029239 15.9027702 -16.1044527 0.0000000 0.0000000 0.0000000 0.9633122 0.2683835
1629518981.4590418 15.9027702 -16.1044527 0.0000000 0.0000000 0.0000000 0.9633122 0.2683835
1629518981.6299381 15.9027702 -16.1044527 0.0000000 0.0000000 0.0000000 0.9673474 0.2534541
1629518981.7865746 15.9027702 -16.1044527 0.0000000 0.0000000 0.0000000 0.9673474 0.2534541
1629518981.9427648 15.9027702 -16.1044527 0.0000000 0.0000000 0.0000000 0.9716758 0.2363179
1629518982.1012585 15.9027702 -16.1044527 0.0000000 0.0000000 0.0000000 0.9716758 0.2363179
1629518982.2665589 15.9027702 -16.1044527 0.0000000 0.0000000 0.0000000 0.9752142 0.2212630
1629518982.4249713 15.9027702 -16.1044527 0.0000000 0.0000000 0.0000000 0.9752142 0.2212630
1629518982.5917060 15.9027702 -16.1044527 0.0000000 0.0000000 0.0000000 0.9752142 0.2212630
1629518982.7434251 15.9027702 -16.1044527 0.0000000 0.0000000 0.0000000 0.9752142 0.2212630
1629518982.9093015 15.6172849 -15.9678765 0.0000000 0.0000000 0.0000000 0.9752142 0.2212630
1629518983.0768607 15.6172849 -15.9678765 0.0000000 0.0000000 0.0000000 0.9752142 0.2212630
1629518983.2523267 15.3317996 -15.8313003 0.0000000 0.0000000 0.0000000 0.9752142 0.2212630
1629518983.4222989 15.3317996 -15.8313003 0.0000000 0.0000000 0.0000000 0.9752142 0.2212630
1629518983.6081591 15.0463143 -15.6947241 0.0000000 0.0000000 0.0000000 0.9752142 0.2212630
1629518983.7753081 15.0463143 -15.6947241 0.0000000 0.0000000 0.0000000 0.9752142 0.2212630
1629518983.9484513 14.7608290 -15.5581479 0.0000000 0.0000000 0.0000000 0.9752142 0.2212630
1629518984.1245673 14.7608290 -15.5581479 0.0000000 0.0000000 0.0000000 0.9752142 0.2212630
1629518984.3019843 14.4753437 -15.4215717 0.0000000 0.0000000 0.0000000 0.9752142 0.2212630
1629518984.4683442 14.4753437 -15.4215717 0.0000000 0.0000000 0.0000000 0.9752142 0.2212630
1629518984.6383419 14.1898584 -15.2849955 0.0000000 0.0000000 0.0000000 0.9752142 0.2212630
1629518984.7996182 14.1898584 -15.2849955 0.0000000 0.0000000 0.0000000 0.9752142 0.2212630
1629518984.9696021 13.9043731 -15.1484193 0.0000000 0.0000000 0.0000000 0.9752142 0.2212630
1629518985.1183994 13.9043731 -15.1484193 0.0000000 0.0000000 0.0000000 0.9752142 0.2212630
1629518985.3077714 13.6188878 -15.0118431 0.0000000 0.0000000 0.0000000 0.9752142 0.2212630
1629518985.5989387 13.6188878 -15.0118431 0.0000000 0.0000000 0.0000000 0.9752142 0.2212630
1629518985.7452042 13.3334025 -14.8752669 0.0000000 0.0000000 0.0000000 0.9752142 0.2212630
1629518985.9029329 13.3334025 -14.8752669 0.0000000 0.0000000 0.0000000 0.9752142 0.2212630
1629518986.0674222 13.0479172 -14.7386907 0.0000000 0.0000000 0.0000000 0.9752142 0.2212630
1629518986.2282515 13.0479172 -14.7386907 0.0000000 0.0000000 0.0000000 0.9752142 0.2212630
1629518986.5252290 12.7624319 -14.6021145 0.0000000 0.0000000 0.0000000 0.9752142 0.2212630
1629518986.6747794 12.7624319 -14.6021145 0.0000000 0.0000000 0.0000000 0.9752142 0.2212630
1629518986.8350270 12.4769466 -14.4655383 0.0000000 0.0000000 0.0000000 0.9752142 0.2212630
1629518987.0031431 12.4769466 -14.4655383 0.0000000 0.0000000 0.0000000 0.9752142 0.2212630
1629518987.1709819 12.1914613 -14.3289621 0.0000000 0.0000000 0.0000000 0.9752142 0.2212630
1629518987.3446188 12.1914613 -14.3289621 0.0000000 0.0000000 0.0000000 0.9752142 0.2212630
1629518987.5259511 11.9059760 -14.1923859 0.0000000 0.0000000 0.0000000 0.9752142 0.2212630
1629518987.7038381 11.9059760 -14.1923859 0.0000000 0.0000000 0.0000000 0.9752142 0.2212630
1629518987.8879869 11.6204907 -14.0558097 0.0000000 0.0000000 0.0000000 0.9752142 0.2212630
1629518988.0619826 11.6204907 -14.0558097 0.0000000 0.0000000 0.0000000 0.9752142 0.2212630
1629518988.2245622 11.3350054 -13.9192335 0.0000000 0.0000000 0.0000000 0.9752142 0.2212630
1629518988.3824997 11.3350054 -13.9192335 0.0000000 0.0000000 0.0000000 0.9752142 0.2212630
1629518988.5416441 11.0495201 -13.7826573 0.0000000 0.0000000 0.0000000 0.9752142 0.2212630
1629518988.7059028 11.0495201 -13.7826573 0.0000000 0.0000000 0.0000000 0.9752142 0.2212630
1629518988.8704710 10.7640348 -13.6460811 0.0000000 0.0000000 0.0000000 0.9752142 0.2212630
1629518989.0287130 10.7640348 -13.6460811 0.0000000 0.0000000 0.0000000 0.9752142 0.2212630
1629518989.2051740 10.4785495 -13.5095049 0.0000000 0.0000000 0.0000000 0.9752142 0.2212630
1629518989.5181413 10.4785495 -13.5095049 0.0000000 0.0000000 0.0000000 0.9752142 0.2212630
1629518989.8107615 10.1930642 -13.3729287 0.0000000 0.0000000 0.0000000 0.9752142 0.2212630
1629518990.0905204 10.1930642 -13.3729287 0.0000000 0.0000000 0.0000000 0.9752142 0.2212630
1629518990.3728082 9.9075789 -13.2363525 0.0000000 0.0000000 0.0000000 0.9752142 0.2212630
1629518990.5283952 9.9075789 -13.2363525 0.0000000 0.0000000 0.0000000 0.9752142 0.2212630
1629518990.6918273 9.6220936 -13.0997763 0.0000000 0.0000000 0.0000000 0.9752142 0.2212630
1629518990.8585391 9.6220936 -13.0997763 0.0000000 0.0000000 0.0000000 0.9752142 0.2212630
1629518991.0221798 9.3366083 -12.9632001 0.0000000 0.0000000 0.0000000 0.9752142 0.2212630
1629518991.1762810 9.3366083 -12.9632001 0.0000000 0.0000000 0.0000000 0.9752142 0.2212630
1629518991.3414872 9.0511231 -12.8266239 0.0000000 0.0000000 0.0000000 0.9752142 0.2212630
1629518991.6389785 9.0511231 -12.8266239 0.0000000 0.0000000 0.0000000 0.9752142 0.2212630
1629518991.8046639 8.7656378 -12.6900477 0.0000000 0.0000000 0.0000000 0.9752142 0.2212630
1629518991.9580324 8.7656378 -12.6900477 0.0000000 0.0000000 0.0000000 0.9752142 0.2212630
1629518992.1216447 8.4801525 -12.5534715 0.0000000 0.0000000 0.0000000 0.9752142 0.2212630
1629518992.2720213 8.4801525 -12.5534715 0.0000000 0.0000000 0.0000000 0.9752142 0.2212630
1629518992.4342437 8.1946672 -12.4168953 0.0000000 0.0000000 0.0000000 0.9752142 0.2212630
1629518992.5964570 8.1946672 -12.4168953 0.0000000 0.0000000 0.0000000 0.9752142 0.2212630
1629518992.7584026 7.9091819 -12.2803191 0.0000000 0.0000000 0.0000000 0.9752142 0.2212630
1629518993.0259328 7.9091819 -12.2803191 0.0000000 0.0000000 0.0000000 0.9752142 0.2212630
1629518993.1821740 7.6236966 -12.1437429 0.0000000 0.0000000 0.0000000 0.9752142 0.2212630
1629518993.3396437 7.6236966 -12.1437429 0.0000000 0.0000000 0.0000000 0.9752142 0.2212630
1629518993.5026712 7.3382113 -12.0071667 0.0000000 0.0000000 0.0000000 0.9752142 0.2212630
1629518993.6731405 7.3382113 -12.0071667 0.0000000 0.0000000 0.0000000 0.9752142 0.2212630
1629518993.8528185 7.0527260 -11.8705905 0.0000000 0.0000000 0.0000000 0.9752142 0.2212630
1629518994.0343661 7.0527260 -11.8705905 0.0000000 0.0000000 0.0000000 0.9752142 0.2212630
1629518994.2051344 6.7672407 -11.7340143 0.0000000 0.0000000 0.0000000 0.9752142 0.2212630
1629518994.3571274 6.7672407 -11.7340143 0.0000000 0.0000000 0.0000000 0.9752142 0.2212630
1629518994.5224741 6.4817554 -11.5974381 0.0000000 0.0000000 0.0000000 0.9752142 0.2212630
1629518994.6774547 6.4817554 -11.5974381 0.0000000 0.0000000 0.0000000 0.9752142 0.2212630
1629518994.8526754 6.1962701 -11.4608619 0.0000000 0.0000000 0.0000000 0.9752142 0.2212630
1629518995.0074368 6.1962701 -11.4608619 0.0000000 0.0000000 0.0000000 0.9752142 0.2212630
1629518995.1755075 5.9107848 -11.3242857 0.0000000 0.0000000 0.0000000 0.9752142 0.2212630
1629518995.3276668 5.9107848 -11.3242857 0.0000000 0.0000000 0.0000000 0.9752142 0.2212630
1629518995.4956594 5.6252995 -11.1877095 0.0000000 0.0000000 0.0000000 0.9752142 0.2212630
1629518995.6569207 5.6252995 -11.1877095 0.0000000 0.0000000 0.0000000 0.9752142 0.2212630
1629518995.8443339 5.3398142 -11.0511334 0.0000000 0.0000000 0.0000000 0.9752142 0.2212630
1629518996.0078917 5.3398142 -11.0511334 0.0000000 0.0000000 0.0000000 0.9752142 0.2212630
1629518996.1773069 5.0543289 -10.9145572 0.0000000 0.0000000 0.0000000 0.9752142 0.2212630
1629518996.3367696 5.0543289 -10.9145572 0.0000000 0.0000000 0.0000000 0.9752142 0.2212630
1629518996.5053108 4.7688436 -10.7779810 0.0000000 0.0000000 0.0000000 0.9752142 0.2212630
1629518996.6640654 4.7688436 -10.7779810 0.0000000 0.0000000 0.0000000 0.9752142 0.2212630
1629518996.9819226 4.4833583 -10.6414048 0.0000000 0.0000000 0.0000000 0.9752142 0.2212630
1629518997.2828183 4.4833583 -10.6414048 0.0000000 0.0000000 0.0000000 0.9752142 0.2212630
1629518997.4349387 4.1978730 -10.5048286 0.0000000 0.0000000 0.0000000 0.9752142 0.2212630
1629518997.6175156 4.1978730 -10.5048286 0.0000000 0.0000000 0.0000000 0.9752142 0.2212630
1629518997.7870216 3.9123877 -10.3682524 0.0000000 0.0000000 0.0000000 0.9752142 0.2212630
1629518997.9567184 3.9123877 -10.3682524 0.0000000 0.0000000 0.0000000 0.9752142 0.2212630
1629518998.1220508 3.6269024 -10.2316762 0.0000000 0.0000000 0.0000000 0.9752142 0.2212630
1629518998.2874653 3.6269024 -10.2316762 0.0000000 0.0000000 0.0000000 0.9752142 0.2212630
1629518998.4508972 3.3414171 -10.0951000 0.0000000 0.0000000 0.0000000 0.9752142 0.2212630
1629518998.6231854 3.3414171 -10.0951000 0.0000000 0.0000000 0.0000000 0.9752142 0.2212630
1629518998.7972512 3.0559318 -9.9585238 0.0000000 0.0000000 0.0000000 0.9752142 0.2212630
1629518998.9738266 3.0559318 -9.9585238 0.0000000 0.0000000 0.0000000 0.9752142 0.2212630
1629518999.1559045 2.7704465 -9.8219476 0.0000000 0.0000000 0.0000000 0.9752142 0.2212630
1629518999.3242726 2.7704465 -9.8219476 0.0000000 0.0000000 0.0000000 0.9752142 0.2212630
1629518999.5094705 2.4849612 -9.6853714 0.0000000 0.0000000 0.0000000 0.9752142 0.2212630
1629518999.6778991 2.4849612 -9.6853714 0.0000000 0.0000000 0.0000000 0.9752142 0.2212630
1629518999.8403184 2.4849612 -9.6853714 0.0000000 0.0000000 0.0000000 0.9752142 0.2212630
1629519000.0100286 2.4849612 -9.6853714 0.0000000 0.0000000 0.0000000 0.9752142 0.2212630
1629519000.1884739 2.4849612 -9.6853714 0.0000000 0.0000000 0.0000000 0.9716758 0.2363179
1629519000.3536057 2.4849612 -9.6853714 0.0000000 0.0000000 0.0000000 0.9716758 0.2363179
1629519000.5299067 2.4849612 -9.6853714 0.0000000 0.0000000 0.0000000 0.9673474 0.2534541
1629519000.6880305 2.4849612 -9.6853714 0.0000000 0.0000000 0.0000000 0.9673474 0.2534541
1629519000.8593216 2.4849612 -9.6853714 0.0000000 0.0000000 0.0000000 0.9633122 0.2683835
1629519001.0151782 2.4849612 -9.6853714 0.0000000 0.0000000 0.0000000 0.9633122 0.2683835
1629519001.1729281 2.4849612 -9.6853714 0.0000000 0.0000000 0.0000000 0.9590465 0.2832486
1629519001.3306370 2.4849612 -9.6853714 0.0000000 0.0000000 0.0000000 0.9590465 0.2832486
1629519001.6472852 2.4849612 -9.6853714 0.0000000 0.0000000 0.0000000 0.9545515 0.2980461
1629519001.9265769 2.4849612 -9.6853714 0.0000000 0.0000000 0.0000000 0.9545515 0.2980461
1629519002.2227304 2.4849612 -9.6853714 0.0000000 0.0000000 0.0000000 0.9491348 0.3148700
1629519002.5087912 2.4849612 -9.6853714 0.0000000 0.0000000 0.0000000 0.9491348 0.3148700
1629519002.6738949 2.4849612 -9.6853714 0.0000000 0.0000000 0.0000000 0.9441520 0.3295103
1629519002.8301804 2.4849612 -9.6853714 0.0000000 0.0000000 0.0000000 0.9441520 0.3295103
1629519003.0053067 2.4849612 -9.6853714 0.0000000 0.0000000 0.0000000 0.9389433 0.3440719
1629519003.1583586 2.4849612 -9.6853714 0.0000000 0.0000000 0.0000000 0.9389433 0.3440719
1629519003.3180861 2.4849612 -9.6853714 0.0000000 0.0000000 0.0000000 0.9335101 0.3585512
1629519003.4688363 2.4849612 -9.6853714 0.0000000 0.0000000 0.0000000 0.9335101 0.3585512
1629519003.6423211 2.4849612 -9.6853714 0.0000000 0.0000000 0.0000000 0.9270274 0.3749937
1629519003.7916300 2.4849612 -9.6853714 0.0000000 0.0000000 0.0000000 0.9270274 0.3749937
1629519003.9568689 2.4849612 -9.6853714 0.0000000 0.0000000 0.0000000 0.9211174 0.3892850
1629519004.1089911 2.4849612 -9.6853714 0.0000000 0.0000000 0.0000000 0.9211174 0.3892850
1629519004.2680395 2.4849612 -9.6853714 0.0000000 0.0000000 0.0000000 0.9149870 0.4034832
1629519004.4212813 2.4849612 -9.6853714 0.0000000 0.0000000 0.0000000 0.9149870 0.4034832
1629519004.6027818 2.4849612 -9.6853714 0.0000000 0.0000000 0.0000000 0.9086379 0.4175849
1629519004.7772560 2.4849612 -9.6853714 0.0000000 0.0000000 0.0000000 0.9086379 0.4175849
1629519004.9631109 2.4849612 -9.6853714 0.0000000 0.0000000 0.0000000 0.9011157 0.4335787
1629519005.1389327 2.4849612 -9.6853714 0.0000000 0.0000000 0.0000000 0.9011157 0.4335787
1629519005.3184419 2.4849612 -9.6853714 0.0000000 0.0000000 0.0000000 0.8943028 0.4474622
1629519005.4973969 2.4849612 -9.6853714 0.0000000 0.0000000 0.0000000 0.8943028 0.4474622
1629519005.6749921 2.4849612 -9.6853714 0.0000000 0.0000000 0.0000000 0.8872760 0.4612388
1629519005.8352160 2.4849612 -9.6853714 0.0000000 0.0000000 0.0000000 0.8872760 0.4612388
1629519006.0087700 2.4849612 -9.6853714 0.0000000 0.0000000 0.0000000 0.8789857 0.4768482
1629519006.1722109 2.4849612 -9.6853714 0.0000000 0.0000000 0.0000000 0.8789857 0.4768482
1629519006.3392386 2.4849612 -9.6853714 0.0000000 0.0000000 0.0000000 0.8715063 0.4903843
1629519006.5007026 2.4849612 -9.6853714 0.0000000 0.0000000 0.0000000 0.8715063 0.4903843
1629519006.6605010 2.4849612 -9.6853714 0.0000000 0.0000000 0.0000000 0.8638184 0.5038032
1629519006.8305252 2.4849612 -9.6853714 0.0000000 0.0000000 0.0000000 0.8638184 0.5038032
1629519007.0050690 2.4849612 -9.6853714 0.0000000 0.0000000 0.0000000 0.8559240 0.5171016
1629519007.1677418 2.4849612 -9.6853714 0.0000000 0.0000000 0.0000000 0.8559240 0.5171016
1629519007.3381832 2.4849612 -9.6853714 0.0000000 0.0000000 0.0000000 0.8466512 0.5321482
1629519007.4998271 2.4849612 -9.6853714 0.0000000 0.0000000 0.0000000 0.8466512 0.5321482
1629519007.6600969 2.4849612 -9.6853714 0.0000000 0.0000000 0.0000000 0.8383205 0.5451777
1629519007.8283768 2.4849612 -9.6853714 0.0000000 0.0000000 0.0000000 0.8383205 0.5451777
1629519008.0101871 2.4849612 -9.6853714 0.0000000 0.0000000 0.0000000 0.8297893 0.5580768
1629519008.1758270 2.4849612 -9.6853714 0.0000000 0.0000000 0.0000000 0.8297893 0.5580768
1629519008.3429470 2.4849612 -9.6853714 0.0000000 0.0000000 0.0000000 0.8210596 0.5708425
1629519008.5040545 2.4849612 -9.6853714 0.0000000 0.0000000 0.0000000 0.8210596 0.5708425
1629519008.6686852 2.4849612 -9.6853714 0.0000000 0.0000000 0.0000000 0.8108425 0.5852645
1629519008.8237302 2.4849612 -9.6853714 0.0000000 0.0000000 0.0000000 0.8108425 0.5852645
1629519009.0035577 2.4849612 -9.6853714 0.0000000 0.0000000 0.0000000 0.8016946 0.5977339
1629519009.1718054 2.4849612 -9.6853714 0.0000000 0.0000000 0.0000000 0.8016946 0.5977339
1629519009.3621347 2.4849612 -9.6853714 0.0000000 0.0000000 0.0000000 0.7923550 0.6100603
1629519009.5370913 2.4849612 -9.6853714 0.0000000 0.0000000 0.0000000 0.7923550 0.6100603
1629519009.7088308 2.4849612 -9.6853714 0.0000000 0.0000000 0.0000000 0.7828259 0.6222408
1629519009.8855910 2.4849612 -9.6853714 0.0000000 0.0000000 0.0000000 0.7828259 0.6222408
1629519010.0701165 2.4849612 -9.6853714 0.0000000 0.0000000 0.0000000 0.7717063 0.6359790
1629519010.2375884 2.4849612 -9.6853714 0.0000000 0.0000000 0.0000000 0.7717063 0.6359790
1629519010.4046834 2.4849612 -9.6853714 0.0000000 0.0000000 0.0000000 0.7617789 0.6478372
1629519010.5861511 2.4849612 -9.6853714 0.0000000 0.0000000 0.0000000 0.7617789 0.6478372
1629519010.7594934 2.4849612 -9.6853714 0.0000000 0.0000000 0.0000000 0.7516692 0.6595403
1629519010.9222434 2.4849612 -9.6853714 0.0000000 0.0000000 0.0000000 0.7516692 0.6595403
1629519011.0869431 2.4849612 -9.6853714 0.0000000 0.0000000 0.0000000 0.7413797 0.6710857
1629519011.2548685 2.4849612 -9.6853714 0.0000000 0.0000000 0.0000000 0.7413797 0.6710857
1629519011.4212017 2.4849612 -9.6853714 0.0000000 0.0000000 0.0000000 0.7294034 0.6840838
1629519011.5902689 2.4849612 -9.6853714 0.0000000 0.0000000 0.0000000 0.7294034 0.6840838
1629519011.7877319 2.4849612 -9.6853714 0.0000000 0.0000000 0.0000000 0.7187371 0.6952820
1629519011.9534395 2.4849612 -9.6853714 0.0000000 0.0000000 0.0000000 0.7187371 0.6952820
1629519012.1395819 2.4849612 -9.6853714 0.0000000 0.0000000 0.0000000 0.7078988 0.7063139
1629519012.3010104 2.4849612 -9.6853714 0.0000000 0.0000000 0.0000000 0.7078988 0.7063139
1629519012.4808779 2.4849612 -9.6853714 0.0000000 0.0000000 0.0000000 0.6968913 0.7171768
1629519012.6394789 2.4849612 -9.6853714 0.0000000 0.0000000 0.0000000 0.6968913 0.7171768
1629519012.8232005 2.4849612 -9.6853714 0.0000000 0.0000000 0.0000000 0.6841073 0.7293814
1629519012.9834340 2.4849612 -9.6853714 0.0000000 0.0000000 0.0000000 0.6841073 0.7293814
1629519013.1611948 2.4849612 -9.6853714 0.0000000 0.0000000 0.0000000 0.6727459 0.7398736
1629519013.3235548 2.4849612 -9.6853714 0.0000000 0.0000000 0.0000000 0.6727459 0.7398736
1629519013.5019784 2.4849612 -9.6853714 0.0000000 0.0000000 0.0000000 0.6612235 0.7501889
1629519013.6656227 2.4849612 -9.6853714 0.0000000 0.0000000 0.0000000 0.6612235 0.7501889
1629519013.8355308 2.4849612 -9.6853714 0.0000000 0.0000000 0.0000000 0.6478617 0.7617580
1629519014.0044909 2.4849612 -9.6853714 0.0000000 0.0000000 0.0000000 0.6478617 0.7617580
1629519014.1820979 2.4849612 -9.6853714 0.0000000 0.0000000 0.0000000 0.6360039 0.7716859
1629519014.3515210 2.4849612 -9.6853714 0.0000000 0.0000000 0.0000000 0.6360039 0.7716859
1629519014.5358691 2.4849612 -9.6853714 0.0000000 0.0000000 0.0000000 0.6239940 0.7814292
1629519014.7069952 2.4849612 -9.6853714 0.0000000 0.0000000 0.0000000 0.6239940 0.7814292
1629519014.8947835 2.4849612 -9.6853714 0.0000000 0.0000000 0.0000000 0.6118348 0.7909856
1629519015.1338556 2.4849612 -9.6853714 0.0000000 0.0000000 0.0000000 0.6118348 0.7909856
1629519015.3529706 2.4849612 -9.6853714 0.0000000 0.0000000 0.0000000 0.5977597 0.8016754
1629519015.5424156 2.4849612 -9.6853714 0.0000000 0.0000000 0.0000000 0.5977597 0.8016754
1629519015.7229366 2.4849612 -9.6853714 0.0000000 0.0000000 0.0000000 0.5852905 0.8108236
1629519015.8817248 2.4849612 -9.6853714 0.0000000 0.0000000 0.0000000 0.5852905 0.8108236
1629519016.0548165 2.4849612 -9.6853714 0.0000000 0.0000000 0.0000000 0.5726815 0.8197780
1629519016.2308857 2.4849612 -9.6853714 0.0000000 0.0000000 0.0000000 0.5726815 0.8197780
1629519016.4078882 2.4849612 -9.6853714 0.0000000 0.0000000 0.0000000 0.5599354 0.8285363
1629519016.6327548 2.4849612 -9.6853714 0.0000000 0.0000000 0.0000000 0.5599354 0.8285363
1629519016.8180721 2.4849612 -9.6853714 0.0000000 0.0000000 0.0000000 0.5452047 0.8383030
1629519016.9813361 2.4849612 -9.6853714 0.0000000 0.0000000 0.0000000 0.5452047 0.8383030
1629519017.1570559 2.4849612 -9.6853714 0.0000000 0.0000000 0.0000000 0.5321754 0.8466341
1629519017.3282335 2.4849612 -9.6853714 0.0000000 0.0000000 0.0000000 0.5321754 0.8466341
1629519017.4950197 2.4849612 -9.6853714 0.0000000 0.0000000 0.0000000 0.5190189 0.8547628
1629519017.6440394 2.4849612 -9.6853714 0.0000000 0.0000000 0.0000000 0.5190189 0.8547628
1629519017.8061421 2.4849612 -9.6853714 0.0000000 0.0000000 0.0000000 0.5057382 0.8626870
1629519017.9755986 2.4849612 -9.6853714 0.0000000 0.0000000 0.0000000 0.5057382 0.8626870
1629519018.1997576 2.4849612 -9.6853714 0.0000000 0.0000000 0.0000000 0.4904124 0.8714905
1629519018.3777897 2.4849612 -9.6853714 0.0000000 0.0000000 0.0000000 0.4904124 0.8714905
1629519018.5705364 2.4849612 -9.6853714 0.0000000 0.0000000 0.0000000 0.4768764 0.8789703
1629519018.7372963 2.4849612 -9.6853714 0.0000000 0.0000000 0.0000000 0.4768764 0.8789703
1629519018.9074035 2.4849612 -9.6853714 0.0000000 0.0000000 0.0000000 0.4632265 0.8862399
1629519019.0816002 2.4849612 -9.6853714 0.0000000 0.0000000 0.0000000 0.4632265 0.8862399
1629519019.2571015 2.4849612 -9.6853714 0.0000000 0.0000000 0.0000000 0.4494657 0.8932976
1629519019.4186227 2.4849612 -9.6853714 0.0000000 0.0000000 0.0000000 0.4494657 0.8932976
1629519019.5873351 2.4849612 -9.6853714 0.0000000 0.0000000 0.0000000 0.4336076 0.9011018
1629519019.7304986 2.4849612 -9.6853714 0.0000000 0.0000000 0.0000000 0.4336076 0.9011018
1629519019.9183095 2.4849612 -9.6853714 0.0000000 0.0000000 0.0000000 0.4196206 0.9076996
1629519020.0872035 2.4849612 -9.6853714 0.0000000 0.0000000 0.0000000 0.4196206 0.9076996
1629519020.2435777 2.4849612 -9.6853714 0.0000000 0.0000000 0.0000000 0.4055331 0.9140803
1629519020.4095864 2.4849612 -9.6853714 0.0000000 0.0000000 0.0000000 0.4055331 0.9140803
1629519020.6023602 2.4849612 -9.6853714 0.0000000 0.0000000 0.0000000 0.3913487 0.9202425
1629519020.7671196 2.4849612 -9.6853714 0.0000000 0.0000000 0.0000000 0.3913487 0.9202425
1629519020.9345527 2.4849612 -9.6853714 0.0000000 0.0000000 0.0000000 0.3750235 0.9270153
1629519021.0998859 2.4849612 -9.6853714 0.0000000 0.0000000 0.0000000 0.3750235 0.9270153
1629519021.2644899 2.4849612 -9.6853714 0.0000000 0.0000000 0.0000000 0.3606427 0.9327040
1629519021.4410007 2.4849612 -9.6853714 0.0000000 0.0000000 0.0000000 0.3606427 0.9327040
1629519021.6381230 2.4849612 -9.6853714 0.0000000 0.0000000 0.0000000 0.3461757 0.9381697
1629519021.7833145 2.4849612 -9.6853714 0.0000000 0.0000000 0.0000000 0.3461757 0.9381697
1629519021.9399495 2.4849612 -9.6853714 0.0000000 0.0000000 0.0000000 0.3295407 0.9441414
1629519022.1017320 2.4849612 -9.6853714 0.0000000 0.0000000 0.0000000 0.3295407 0.9441414
1629519022.2717693 2.4849612 -9.6853714 0.0000000 0.0000000 0.0000000 0.3149005 0.9491247
1629519022.4312739 2.4849612 -9.6853714 0.0000000 0.0000000 0.0000000 0.3149005 0.9491247
1629519022.5933018 2.4849612 -9.6853714 0.0000000 0.0000000 0.0000000 0.3001850 0.9538810
1629519022.7365088 2.4849612 -9.6853714 0.0000000 0.0000000 0.0000000 0.3001850 0.9538810
1629519022.8945928 2.4849612 -9.6853714 0.0000000 0.0000000 0.0000000 0.2853976 0.9584092
1629519023.0375159 2.4849612 -9.6853714 0.0000000 0.0000000 0.0000000 0.2853976 0.9584092
1629519023.1883850 2.4849612 -9.6853714 0.0000000 0.0000000 0.0000000 0.2684144 0.9633035
1629519023.3321643 2.4849612 -9.6853714 0.0000000 0.0000000 0.0000000 0.2684144 0.9633035
1629519023.5024745 2.4849612 -9.6853714 0.0000000 0.0000000 0.0000000 0.2534852 0.9673393
1629519023.6746521 2.4849612 -9.6853714 0.0000000 0.0000000 0.0000000 0.2534852 0.9673393
1629519023.8548994 2.4849612 -9.6853714 0.0000000 0.0000000 0.0000000 0.2384953 0.9711436
1629519024.0048175 2.4849612 -9.6853714 0.0000000 0.0000000 0.0000000 0.2384953 0.9711436
1629519024.1745689 2.4849612 -9.6853714 0.0000000 0.0000000 0.0000000 0.2234484 0.9747158
1629519024.3275008 2.4849612 -9.6853714 0.0000000 0.0000000 0.0000000 0.2234484 0.9747158
1629519024.5040326 2.4849612 -9.6853714 0.0000000 0.0000000 0.0000000 0.2061867 0.9785127
1629519024.6454470 2.4849612 -9.6853714 0.0000000 0.0000000 0.0000000 0.2061867 0.9785127
1629519024.8138876 2.4849612 -9.6853714 0.0000000 0.0000000 0.0000000 0.1910297 0.9815843
1629519024.9665120 2.4849612 -9.6853714 0.0000000 0.0000000 0.0000000 0.1910297 0.9815843
1629519025.1245601 2.4849612 -9.6853714 0.0000000 0.0000000 0.0000000 0.1758270 0.9844211
1629519025.2967563 2.4849612 -9.6853714 0.0000000 0.0000000 0.0000000 0.1758270 0.9844211
1629519025.4700065 2.7818662 -9.5758162 0.0000000 0.0000000 0.0000000 0.1758270 0.9844211
1629519025.6159301 2.7818662 -9.5758162 0.0000000 0.0000000 0.0000000 0.1758270 0.9844211
1629519025.8067114 3.0787712 -9.4662611 0.0000000 0.0000000 0.0000000 0.1758270 0.9844211
1629519025.9505265 3.0787712 -9.4662611 0.0000000 0.0000000 0.0000000 0.1758270 0.9844211
1629519026.1014440 3.3756762 -9.3567060 0.0000000 0.0000000 0.0000000 0.1758270 0.9844211
1629519026.2579646 3.3756762 -9.3567060 0.0000000 0.0000000 0.0000000 0.1758270 0.9844211
1629519026.4453433 3.6725812 -9.2471509 0.0000000 0.0000000 0.0000000 0.1758270 0.9844211
1629519026.6353464 3.6725812 -9.2471509 0.0000000 0.0000000 0.0000000 0.1758270 0.9844211
1629519026.8176210 3.6725812 -9.2471509 0.0000000 0.0000000 0.0000000 0.1910297 0.9815843
1629519026.9870188 3.6725812 -9.2471509 0.0000000 0.0000000 0.0000000 0.1910297 0.9815843
1629519027.1862552 3.6725812 -9.2471509 0.0000000 0.0000000 0.0000000 0.2061867 0.9785127
1629519027.3703256 3.6725812 -9.2471509 0.0000000 0.0000000 0.0000000 0.2061867 0.9785127
1629519027.5467436 3.6725812 -9.2471509 0.0000000 0.0000000 0.0000000 0.2234484 0.9747158
1629519027.7030563 3.6725812 -9.2471509 0.0000000 0.0000000 0.0000000 0.2234484 0.9747158
1629519027.8966243 3.6725812 -9.2471509 0.0000000 0.0000000 0.0000000 0.2384953 0.9711436
1629519028.0454788 3.6725812 -9.2471509 0.0000000 0.0000000 0.0000000 0.2384953 0.9711436
1629519028.2389190 3.6725812 -9.2471509 0.0000000 0.0000000 0.0000000 0.2534852 0.9673393
1629519028.4056754 3.6725812 -9.2471509 0.0000000 0.0000000 0.0000000 0.2534852 0.9673393
1629519028.5740776 3.6725812 -9.2471509 0.0000000 0.0000000 0.0000000 0.2684144 0.9633035
1629519028.7281427 3.6725812 -9.2471509 0.0000000 0.0000000 0.0000000 0.2684144 0.9633035
1629519028.9150105 3.6725812 -9.2471509 0.0000000 0.0000000 0.0000000 0.2853976 0.9584092
1629519029.0628500 3.6725812 -9.2471509 0.0000000 0.0000000 0.0000000 0.2853976 0.9584092
1629519029.2181258 3.6725812 -9.2471509 0.0000000 0.0000000 0.0000000 0.3001850 0.9538810
1629519029.3722289 3.6725812 -9.2471509 0.0000000 0.0000000 0.0000000 0.3001850 0.9538810
1629519029.5526969 3.6725812 -9.2471509 0.0000000 0.0000000 0.0000000 0.3149005 0.9491247
1629519029.7358956 3.6725812 -9.2471509 0.0000000 0.0000000 0.0000000 0.3149005 0.9491247
1629519029.8967013 3.6725812 -9.2471509 0.0000000 0.0000000 0.0000000 0.3295407 0.9441414
1629519030.0566344 3.6725812 -9.2471509 0.0000000 0.0000000 0.0000000 0.3295407 0.9441414
1629519030.2290370 3.6725812 -9.2471509 0.0000000 0.0000000 0.0000000 0.3461757 0.9381697
1629519030.3802285 3.6725812 -9.2471509 0.0000000 0.0000000 0.0000000 0.3461757 0.9381697
1629519030.5763733 3.6725812 -9.2471509 0.0000000 0.0000000 0.0000000 0.3606427 0.9327040
1629519030.7393203 3.6725812 -9.2471509 0.0000000 0.0000000 0.0000000 0.3606427 0.9327040
1629519030.9031332 3.6725812 -9.2471509 0.0000000 0.0000000 0.0000000 0.3750235 0.9270153
1629519031.0665126 3.6725812 -9.2471509 0.0000000 0.0000000 0.0000000 0.3750235 0.9270153
1629519031.3046105 3.6725812 -9.2471509 0.0000000 0.0000000 0.0000000 0.3913487 0.9202425
1629519031.5063794 3.6725812 -9.2471509 0.0000000 0.0000000 0.0000000 0.3913487 0.9202425
1629519031.6761546 3.6725812 -9.2471509 0.0000000 0.0000000 0.0000000 0.4055331 0.9140803
1629519031.8403175 3.6725812 -9.2471509 0.0000000 0.0000000 0.0000000 0.4055331 0.9140803
1629519032.0042343 3.6725812 -9.2471509 0.0000000 0.0000000 0.0000000 0.4196206 0.9076996
1629519032.1806235 3.6725812 -9.2471509 0.0000000 0.0000000 0.0000000 0.4196206 0.9076996
1629519032.3847632 3.6725812 -9.2471509 0.0000000 0.0000000 0.0000000 0.4336076 0.9011018
1629519032.5428801 3.6725812 -9.2471509 0.0000000 0.0000000 0.0000000 0.4336076 0.9011018
1629519032.7059987 3.6725812 -9.2471509 0.0000000 0.0000000 0.0000000 0.4494657 0.8932976
1629519032.8549993 3.6725812 -9.2471509 0.0000000 0.0000000 0.0000000 0.4494657 0.8932976
1629519033.0278401 3.6725812 -9.2471509 0.0000000 0.0000000 0.0000000 0.4632265 0.8862399
1629519033.1745129 3.6725812 -9.2471509 0.0000000 0.0000000 0.0000000 0.4632265 0.8862399
1629519033.3297327 3.6725812 -9.2471509 0.0000000 0.0000000 0.0000000 0.4768764 0.8789703
1629519033.4952974 3.6725812 -9.2471509 0.0000000 0.0000000 0.0000000 0.4768764 0.8789703
1629519033.6792281 3.6725812 -9.2471509 0.0000000 0.0000000 0.0000000 0.4904124 0.8714905
1629519033.8281484 3.6725812 -9.2471509 0.0000000 0.0000000 0.0000000 0.4904124 0.8714905
1629519034.0010726 3.6725812 -9.2471509 0.0000000 0.0000000 0.0000000 0.5057382 0.8626870
1629519034.1550162 3.6725812 -9.2471509 0.0000000 0.0000000 0.0000000 0.5057382 0.8626870
1629519034.3207057 3.6725812 -9.2471509 0.0000000 0.0000000 0.0000000 0.5190189 0.8547628
1629519034.4830253 3.6725812 -9.2471509 0.0000000 0.0000000 0.0000000 0.5190189 0.8547628
1629519034.6402493 3.6725812 -9.2471509 0.0000000 0.0000000 0.0000000 0.5321754 0.8466341
1629519034.7886097 3.6725812 -9.2471509 0.0000000 0.0000000 0.0000000 0.5321754 0.8466341
1629519034.9506199 3.6725812 -9.2471509 0.0000000 0.0000000 0.0000000 0.5452047 0.8383030
1629519035.1079044 3.6725812 -9.2471509 0.0000000 0.0000000 0.0000000 0.5452047 0.8383030
1629519035.2745199 3.6725812 -9.2471509 0.0000000 0.0000000 0.0000000 0.5599354 0.8285363
1629519035.4201610 3.6725812 -9.2471509 0.0000000 0.0000000 0.0000000 0.5599354 0.8285363
1629519035.5928199 3.6725812 -9.2471509 0.0000000 0.0000000 0.0000000 0.5726815 0.8197780
1629519035.7406101 3.6725812 -9.2471509 0.0000000 0.0000000 0.0000000 0.5726815 0.8197780
1629519035.9148769 3.6725812 -9.2471509 0.0000000 0.0000000 0.0000000 0.5852905 0.8108236
1629519036.2268224 3.6725812 -9.2471509 0.0000000 0.0000000 0.0000000 0.5852905 0.8108236
1629519036.5113525 3.6725812 -9.2471509 0.0000000 0.0000000 0.0000000 0.5977597 0.8016754
1629519036.6709449 3.6725812 -9.2471509 0.0000000 0.0000000 0.0000000 0.5977597 0.8016754
1629519036.8394809 3.6725812 -9.2471509 0.0000000 0.0000000 0.0000000 0.6118348 0.7909856
1629519037.0106058 3.6725812 -9.2471509 0.0000000 0.0000000 0.0000000 0.6118348 0.7909856
1629519037.1730607 3.6725812 -9.2471509 0.0000000 0.0000000 0.0000000 0.6239940 0.7814292
1629519037.3205881 3.6725812 -9.2471509 0.0000000 0.0000000 0.0000000 0.6239940 0.7814292
1629519037.4934592 3.6725812 -9.2471509 0.0000000 0.0000000 0.0000000 0.6360039 0.7716859
1629519037.6457767 3.6725812 -9.2471509 0.0000000 0.0000000 0.0000000 0.6360039 0.7716859
1629519037.8105006 3.6725812 -9.2471509 0.0000000 0.0000000 0.0000000 0.6478617 0.7617580
1629519037.9724553 3.6725812 -9.2471509 0.0000000 0.0000000 0.0000000 0.6478617 0.7617580
1629519038.1416862 3.6725812 -9.2471509 0.0000000 0.0000000 0.0000000 0.6612235 0.7501889
1629519038.2965426 3.6725812 -9.2471509 0.0000000 0.0000000 0.0000000 0.6612235 0.7501889
1629519038.4724867 3.6725812 -9.2471509 0.0000000 0.0000000 0.0000000 0.6727459 0.7398736
1629519038.6293311 3.6725812 -9.2471509 0.0000000 0.0000000 0.0000000 0.6727459 0.7398736
1629519038.8005180 3.6725812 -9.2471509 0.0000000 0.0000000 0.0000000 0.6841073 0.7293814
1629519038.9587471 3.6725812 -9.2471509 0.0000000 0.0000000 0.0000000 0.6841073 0.7293814
1629519039.1251051 3.6725812 -9.2471509 0.0000000 0.0000000 0.0000000 0.6968913 0.7171768
1629519039.2867687 3.6725812 -9.2471509 0.0000000 0.0000000 0.0000000 0.6968913 0.7171768
1629519039.4509022 3.6725812 -9.2471509 0.0000000 0.0000000 0.0000000 0.7078988 0.7063139
1629519039.6138382 3.6725812 -9.2471509 0.0000000 0.0000000 0.0000000 0.7078988 0.7063139
1629519039.7964499 3.6725812 -9.2471509 0.0000000 0.0000000 0.0000000 0.7187371 0.6952820
1629519039.9575205 3.6725812 -9.2471509 0.0000000 0.0000000 0.0000000 0.7187371 0.6952820
1629519040.1306477 3.6725812 -9.2471509 0.0000000 0.0000000 0.0000000 0.7294034 0.6840838
1629519040.3016288 3.6725812 -9.2471509 0.0000000 0.0000000 0.0000000 0.7294034 0.6840838
1629519040.4960310 3.6725812 -9.2471509 0.0000000 0.0000000 0.0000000 0.7413797 0.6710857
1629519040.6745634 3.6725812 -9.2471509 0.0000000 0.0000000 0.0000000 0.7413797 0.6710857
1629519040.8515129 3.6725812 -9.2471509 0.0000000 0.0000000 0.0000000 0.7516692 0.6595403
1629519041.0082541 3.6725812 -9.2471509 0.0000000 0.0000000 0.0000000 0.7516692 0.6595403
1629519041.1728065 3.6725812 -9.2471509 0.0000000 0.0000000 0.0000000 0.7617789 0.6478372
1629519041.3205922 3.6725812 -9.2471509 0.0000000 0.0000000 0.0000000 0.7617789 0.6478372
1629519041.5084536 3.6725812 -9.2471509 0.0000000 0.0000000 0.0000000 0.7717063 0.6359790
1629519041.6681623 3.6725812 -9.2471509 0.0000000 0.0000000 0.0000000 0.7717063 0.6359790
1629519041.8447340 3.6725812 -9.2471509 0.0000000 0.0000000 0.0000000 0.7828259 0.6222408
1629519042.0065649 3.6725812 -9.2471509 0.0000000 0.0000000 0.0000000 0.7828259 0.6222408
1629519042.1703038 3.6725812 -9.2471509 0.0000000 0.0000000 0.0000000 0.7923550 0.6100603
1629519042.3159120 3.6725812 -9.2471509 0.0000000 0.0000000 0.0000000 0.7923550 0.6100603
1629519042.4822762 3.6725812 -9.2471509 0.0000000 0.0000000 0.0000000 0.8016946 0.5977339
1629519042.7767041 3.6725812 -9.2471509 0.0000000 0.0000000 0.0000000 0.8016946 0.5977339
1629519043.0778840 3.6725812 -9.2471509 0.0000000 0.0000000 0.0000000 0.8108425 0.5852645
1629519043.3711820 3.6725812 -9.2471509 0.0000000 0.0000000 0.0000000 0.8108425 0.5852645
1629519043.6543155 3.6725812 -9.2471509 0.0000000 0.0000000 0.0000000 0.8210596 0.5708425
1629519043.7924008 3.6725812 -9.2471509 0.0000000 0.0000000 0.0000000 0.8210596 0.5708425
1629519043.9577682 3.6725812 -9.2471509 0.0000000 0.0000000 0.0000000 0.8297893 0.5580768
1629519044.1125059 3.6725812 -9.2471509 0.0000000 0.0000000 0.0000000 0.8297893 0.5580768
1629519044.4117205 3.6725812 -9.2471509 0.0000000 0.0000000 0.0000000 0.8383205 0.5451777
1629519044.5578771 3.6725812 -9.2471509 0.0000000 0.0000000 0.0000000 0.8383205 0.5451777
1629519044.7158270 3.6725812 -9.2471509 0.0000000 0.0000000 0.0000000 0.8466512 0.5321482
1629519044.8623159 3.6725812 -9.2471509 0.0000000 0.0000000 0.0000000 0.8466512 0.5321482
1629519045.0402770 3.6725812 -9.2471509 0.0000000 0.0000000 0.0000000 0.8559240 0.5171016
1629519045.2117877 3.6725812 -9.2471509 0.0000000 0.0000000 0.0000000 0.8559240 0.5171016
1629519045.3883822 3.6725812 -9.2471509 0.0000000 0.0000000 0.0000000 0.8638184 0.5038032
1629519045.5550432 3.6725812 -9.2471509 0.0000000 0.0000000 0.0000000 0.8638184 0.5038032
1629519045.7115254 3.6725812 -9.2471509 0.0000000 0.0000000 0.0000000 0.8715063 0.4903843
1629519045.8584065 3.6725812 -9.2471509 0.0000000 0.0000000 0.0000000 0.8715063 0.4903843
1629519046.0338509 3.6725812 -9.2471509 0.0000000 0.0000000 0.0000000 0.8789857 0.4768482
1629519046.1921239 3.6725812 -9.2471509 0.0000000 0.0000000 0.0000000 0.8789857 0.4768482
1629519046.3534310 3.6725812 -9.2471509 0.0000000 0.0000000 0.0000000 0.8872760 0.4612388
1629519046.5078671 3.6725812 -9.2471509 0.0000000 0.0000000 0.0000000 0.8872760 0.4612388
1629519046.6730127 3.6725812 -9.2471509 0.0000000 0.0000000 0.0000000 0.8943028 0.4474622
1629519046.8327723 3.6725812 -9.2471509 0.0000000 0.0000000 0.0000000 0.8943028 0.4474622
1629519047.0058939 3.6725812 -9.2471509 0.0000000 0.0000000 0.0000000 0.9011157 0.4335787
1629519047.1536095 3.6725812 -9.2471509 0.0000000 0.0000000 0.0000000 0.9011157 0.4335787
1629519047.3178637 3.6725812 -9.2471509 0.0000000 0.0000000 0.0000000 0.9086379 0.4175849
1629519047.4677608 3.6725812 -9.2471509 0.0000000 0.0000000 0.0000000 0.9086379 0.4175849
1629519047.6274934 3.6725812 -9.2471509 0.0000000 0.0000000 0.0000000 0.9149870 0.4034832
1629519047.7753818 3.6725812 -9.2471509 0.0000000 0.0000000 0.0000000 0.9149870 0.4034832
1629519047.9438117 3.6725812 -9.2471509 0.0000000 0.0000000 0.0000000 0.9211174 0.3892850
1629519048.1085672 3.6725812 -9.2471509 0.0000000 0.0000000 0.0000000 0.9211174 0.3892850
1629519048.2864540 3.6725812 -9.2471509 0.0000000 0.0000000 0.0000000 0.9270274 0.3749937
1629519048.4464290 3.6725812 -9.2471509 0.0000000 0.0000000 0.0000000 0.9270274 0.3749937
1629519048.6276894 3.6725812 -9.2471509 0.0000000 0.0000000 0.0000000 0.9335101 0.3585512
1629519048.7831979 3.6725812 -9.2471509 0.0000000 0.0000000 0.0000000 0.9335101 0.3585512
1629519048.9453032 3.6725812 -9.2471509 0.0000000 0.0000000 0.0000000 0.9389433 0.3440719
1629519049.1430793 3.6725812 -9.2471509 0.0000000 0.0000000 0.0000000 0.9389433 0.3440719
1629519049.3438692 3.6725812 -9.2471509 0.0000000 0.0000000 0.0000000 0.9441520 0.3295103
1629519049.5597565 3.6725812 -9.2471509 0.0000000 0.0000000 0.0000000 0.9441520 0.3295103
1629519049.7511353 3.6725812 -9.2471509 0.0000000 0.0000000 0.0000000 0.9491348 0.3148700
1629519049.9358790 3.6725812 -9.2471509 0.0000000 0.0000000 0.0000000 0.9491348 0.3148700
1629519050.0957313 3.6725812 -9.2471509 0.0000000 0.0000000 0.0000000 0.9545515 0.2980461
1629519050.2411821 3.6725812 -9.2471509 0.0000000 0.0000000 0.0000000 0.9545515 0.2980461
1629519050.4072888 3.6725812 -9.2471509 0.0000000 0.0000000 0.0000000 0.9590465 0.2832486
1629519050.5515940 3.6725812 -9.2471509 0.0000000 0.0000000 0.0000000 0.9590465 0.2832486
1629519050.7193129 3.6725812 -9.2471509 0.0000000 0.0000000 0.0000000 0.9633122 0.2683835
1629519050.8771908 3.6725812 -9.2471509 0.0000000 0.0000000 0.0000000 0.9633122 0.2683835
1629519051.0328770 3.6725812 -9.2471509 0.0000000 0.0000000 0.0000000 0.9673474 0.2534541
1629519051.1755264 3.6725812 -9.2471509 0.0000000 0.0000000 0.0000000 0.9673474 0.2534541
1629519051.3369617 3.6725812 -9.2471509 0.0000000 0.0000000 0.0000000 0.9716758 0.2363179
1629519051.4844294 3.6725812 -9.2471509 0.0000000 0.0000000 0.0000000 0.9716758 0.2363179
1629519051.6610038 3.6725812 -9.2471509 0.0000000 0.0000000 0.0000000 0.9752142 0.2212630
1629519051.8024976 3.6725812 -9.2471509 0.0000000 0.0000000 0.0000000 0.9752142 0.2212630
1629519051.9714937 3.6725812 -9.2471509 0.0000000 0.0000000 0.0000000 0.9752142 0.2212630
1629519052.1161542 3.6725812 -9.2471509 0.0000000 0.0000000 0.0000000 0.9752142 0.2212630
1629519052.2760284 3.3870959 -9.1105747 0.0000000 0.0000000 0.0000000 0.9752142 0.2212630
1629519052.4177015 3.3870959 -9.1105747 0.0000000 0.0000000 0.0000000 0.9752142 0.2212630
1629519052.5806544 3.1016106 -8.9739985 0.0000000 0.0000000 0.0000000 0.9752142 0.2212630
1629519052.7251451 3.1016106 -8.9739985 0.0000000 0.0000000 0.0000000 0.9752142 0.2212630
1629519052.8867836 2.8161253 -8.8374223 0.0000000 0.0000000 0.0000000 0.9752142 0.2212630